0.803302 0.806648 0.810043 0.813455 0.81703 0.820885 0.824835 0.828951 0.833187 0.837515 0.841994 0.846541 0.851216 0.856022 0.861037 0.866308 0.871797 0.877447 0.883188 0.888819 0.894283 0.899681 0.90504 0.910427 0.915718 0.920636 0.925153 0.929047 0.932143 0.934348 0.935697 0.936128 0.935735 0.934109 0.932113 0.929442 0.926253 0.92267 0.918793 0.914666 
0.80566 0.80906 0.812438 0.815934 0.819667 0.823549 0.827596 0.831787 0.836043 0.840486 0.845001 0.849625 0.854357 0.859267 0.86439 0.869861 0.875491 0.881253 0.886993 0.892552 0.89801 0.90344 0.908909 0.914329 0.919532 0.92432 0.928623 0.932151 0.934835 0.936662 0.937561 0.937501 0.93664 0.934513 0.932059 0.928994 0.925497 0.921607 0.917448 0.913144 
0.808002 0.811432 0.814857 0.818473 0.822291 0.826268 0.830397 0.834627 0.838987 0.843457 0.848076 0.852692 0.857524 0.862591 0.867911 0.873494 0.879284 0.885103 0.890738 0.896294 0.901763 0.90729 0.912837 0.918234 0.923274 0.927923 0.931901 0.93504 0.937333 0.938718 0.939119 0.938604 0.936823 0.934609 0.931738 0.928299 0.924474 0.920323 0.915892 0.91138 
0.81044 0.813824 0.81735 0.82111 0.824981 0.829034 0.833243 0.837511 0.841927 0.846504 0.851157 0.855833 0.860785 0.866021 0.871534 0.877272 0.883072 0.888834 0.894498 0.900051 0.905598 0.91125 0.916784 0.922075 0.926988 0.931369 0.93499 0.937743 0.939609 0.940505 0.940416 0.938952 0.937061 0.934412 0.931108 0.927337 0.923198 0.918713 0.914113 0.909382 
0.812801 0.816262 0.819915 0.823712 0.827732 0.831864 0.836101 0.840438 0.844952 0.84956 0.854218 0.859021 0.864139 0.869537 0.875214 0.881028 0.886874 0.892596 0.898289 0.903881 0.909509 0.915163 0.920697 0.925852 0.930571 0.934658 0.937857 0.94022 0.941594 0.941973 0.941359 0.939359 0.936952 0.933847 0.930162 0.926052 0.921619 0.916916 0.912106 0.907186 
0.815215 0.81874 0.822515 0.826421 0.830504 0.834724 0.838977 0.843414 0.847979 0.852604 0.857339 0.862297 0.867606 0.87319 0.878983 0.884847 0.89066 0.896399 0.902111 0.907741 0.91348 0.919142 0.924531 0.929553 0.934039 0.937726 0.940538 0.942417 0.943267 0.943108 0.941527 0.939371 0.936501 0.932986 0.928931 0.924498 0.919781 0.914859 0.90985 0.904832 
0.817652 0.82133 0.825172 0.829168 0.833315 0.837579 0.841914 0.846403 0.850989 0.855707 0.860532 0.865721 0.871194 0.876916 0.882778 0.888633 0.894466 0.900252 0.905933 0.911666 0.917445 0.923067 0.928351 0.933158 0.93728 0.940562 0.942917 0.94429 0.944608 0.943459 0.941722 0.939039 0.935744 0.931782 0.927371 0.92264 0.917694 0.912551 0.90743 0.902313 
0.820146 0.823909 0.827834 0.831948 0.836178 0.840459 0.844843 0.849424 0.854072 0.858872 0.863899 0.869225 0.874847 0.880669 0.886588 0.892451 0.898339 0.904117 0.909832 0.915675 0.921439 0.92697 0.932032 0.936552 0.940313 0.943157 0.945033 0.945838 0.945543 0.943835 0.941503 0.938346 0.934626 0.930268 0.92553 0.920524 0.915362 0.910069 0.90482 0.899684 
0.822688 0.826545 0.830565 0.834773 0.839048 0.843387 0.847868 0.852462 0.857201 0.862077 0.86729 0.872767 0.878534 0.884491 0.890469 0.896335 0.902185 0.907941 0.913791 0.919673 0.925411 0.930734 0.93555 0.939745 0.943084 0.945469 0.946779 0.946946 0.945684 0.943796 0.940915 0.937331 0.933168 0.928432 0.923371 0.918143 0.912812 0.907394 0.902107 0.896913 
0.825289 0.829219 0.833365 0.837646 0.841954 0.846322 0.85087 0.855554 0.860404 0.86544 0.870814 0.876412 0.882375 0.888377 0.894309 0.900179 0.906009 0.911844 0.917785 0.923689 0.929272 0.934325 0.938876 0.942705 0.945604 0.947412 0.94808 0.947243 0.945809 0.943327 0.93995 0.935956 0.931365 0.926257 0.92094 0.915559 0.910062 0.904578 0.899265 0.894021 
0.827905 0.831974 0.836209 0.84055 0.844891 0.849333 0.853925 0.858699 0.863639 0.868838 0.874378 0.88024 0.886291 0.892289 0.898182 0.904038 0.909871 0.915855 0.921815 0.927597 0.932923 0.937754 0.942011 0.945414 0.94774 0.948928 0.948974 0.947546 0.945521 0.942481 0.938658 0.93423 0.9292 0.923769 0.918283 0.912753 0.907163 0.901652 0.89633 0.891079 
0.830599 0.834766 0.839078 0.84348 0.847838 0.852349 0.857044 0.861903 0.866979 0.872379 0.878082 0.884141 0.890161 0.896129 0.901971 0.907871 0.913827 0.91986 0.925762 0.93137 0.936444 0.941047 0.94489 0.94774 0.949449 0.950029 0.949035 0.947422 0.94481 0.941241 0.937004 0.932119 0.926717 0.921057 0.915415 0.909773 0.904138 0.898659 0.89327 0.888096 
0.833357 0.837653 0.84202 0.846394 0.850839 0.855419 0.860165 0.865154 0.870384 0.876029 0.881972 0.888017 0.894022 0.899928 0.905816 0.911763 0.917793 0.923792 0.929603 0.934968 0.939822 0.944069 0.947422 0.949654 0.950767 0.950686 0.949069 0.946852 0.943634 0.939666 0.934993 0.929672 0.923949 0.918116 0.912367 0.906673 0.901027 0.895525 0.890157 0.88508 
0.836197 0.840541 0.844957 0.84938 0.85387 0.858504 0.86338 0.86848 0.873982 0.879811 0.885821 0.89184 0.897792 0.90378 0.909706 0.915681 0.921727 0.927662 0.933304 0.938422 0.943003 0.946751 0.949536 0.951179 0.951637 0.950494 0.948653 0.945845 0.942118 0.937726 0.932574 0.926904 0.920885 0.914999 0.909179 0.903478 0.897831 0.892319 0.887025 0.882171 
0.839078 0.84346 0.847924 0.852387 0.856926 0.861635 0.86664 0.871947 0.877663 0.88365 0.889642 0.895627 0.901666 0.907688 0.913511 0.91958 0.925613 0.931434 0.936814 0.941651 0.94582 0.949037 0.951265 0.952271 0.951657 0.950233 0.947793 0.944396 0.940248 0.935388 0.929865 0.923826 0.917641 0.911722 0.905928 0.900245 0.894579 0.889078 0.883914 0.879345 
0.84196 0.846416 0.850925 0.855413 0.860001 0.864788 0.870003 0.875539 0.881455 0.887435 0.893399 0.899468 0.905583 0.911437 0.917318 0.923439 0.92944 0.935037 0.940109 0.944648 0.948275 0.950974 0.952564 0.952888 0.951583 0.949494 0.946476 0.942585 0.938035 0.932724 0.926816 0.920473 0.91428 0.908343 0.902597 0.896916 0.891254 0.885808 0.880901 0.875999 
0.844876 0.849365 0.853958 0.858425 0.863064 0.868116 0.873479 0.879222 0.885283 0.891198 0.897219 0.90338 0.909367 0.915137 0.921155 0.927295 0.933096 0.938386 0.943187 0.947231 0.950359 0.952511 0.953405 0.952624 0.951 0.948301 0.944708 0.940439 0.935421 0.929744 0.923472 0.916977 0.910796 0.904962 0.899238 0.893536 0.887863 0.882586 0.878018 0.873134 
0.847846 0.852395 0.856917 0.861521 0.866258 0.87146 0.877026 0.883027 0.889065 0.89498 0.901073 0.907194 0.913085 0.918829 0.925014 0.930976 0.936501 0.941521 0.945946 0.949501 0.952089 0.953574 0.95334 0.952246 0.949952 0.946619 0.942626 0.937924 0.932462 0.926438 0.9199 0.913348 0.907311 0.901513 0.895785 0.890107 0.884457 0.879487 0.874595 0.870267 
0.850791 0.855386 0.85995 0.864579 0.869485 0.874949 0.880706 0.886858 0.892809 0.898744 0.904918 0.910915 0.916708 0.922581 0.928759 0.934453 0.939688 0.944368 0.948347 0.95136 0.953322 0.954125 0.953161 0.951342 0.948409 0.944566 0.940216 0.935017 0.929239 0.922905 0.916185 0.909686 0.903817 0.898035 0.892318 0.886566 0.881114 0.875989 0.871747 0.867314 
0.853824 0.8584 0.863004 0.867727 0.872888 0.87848 0.88451 0.890611 0.896516 0.902498 0.908635 0.91458 0.920281 0.926339 0.932234 0.937688 0.942577 0.946928 0.95035 0.952785 0.954081 0.95375 0.95244 0.949946 0.946404 0.942211 0.937419 0.931827 0.925766 0.91917 0.912312 0.906105 0.900235 0.894481 0.888778 0.883039 0.87795 0.873086 0.868804 0.864279 
0.856802 0.86145 0.866038 0.870921 0.876417 0.882159 0.888316 0.894335 0.900167 0.906281 0.912313 0.918106 0.923784 0.929903 0.935526 0.940662 0.945221 0.949068 0.951931 0.953736 0.954537 0.953213 0.951198 0.948115 0.944 0.939583 0.934273 0.928405 0.922045 0.915256 0.908369 0.902443 0.896658 0.890918 0.885138 0.879566 0.874447 0.870202 0.865837 0.86125 
0.859796 0.864443 0.869205 0.874259 0.879864 0.885916 0.892046 0.897948 0.903806 0.909965 0.915856 0.921534 0.927391 0.933269 0.938569 0.943329 0.947506 0.950784 0.953057 0.954213 0.954669 0.952769 0.950124 0.946416 0.941998 0.937148 0.931461 0.925367 0.918694 0.911821 0.90524 0.89935 0.893571 0.887782 0.882021 0.876809 0.87201 0.867714 0.863273 0.858627 
0.86283 0.867485 0.872403 0.87773 0.883522 0.88968 0.895693 0.901508 0.907495 0.913491 0.919253 0.9249 0.930822 0.936312 0.941297 0.945667 0.949363 0.952068 0.953704 0.954719 0.953784 0.951235 0.947993 0.943741 0.939168 0.93381 0.92787 0.921464 0.914664 0.907781 0.901542 0.895704 0.889892 0.884092 0.878548 0.873858 0.869092 0.864757 0.860195 0.855523 
0.865834 0.870642 0.875694 0.881206 0.887208 0.893346 0.899259 0.905072 0.911024 0.916884 0.922532 0.928232 0.933955 0.939085 0.943667 0.947649 0.950776 0.952864 0.953801 0.954035 0.952434 0.949249 0.945444 0.940916 0.935966 0.930209 0.924076 0.917429 0.91057 0.903887 0.897784 0.891965 0.886181 0.880463 0.875242 0.870945 0.866107 0.861702 0.857138 0.852394 
0.868887 0.87381 0.879039 0.884751 0.890882 0.896903 0.902691 0.908545 0.914426 0.920126 0.925752 0.9314 0.936779 0.941532 0.945717 0.949207 0.951727 0.953129 0.953988 0.952894 0.950637 0.94688 0.942629 0.937841 0.932449 0.926436 0.920043 0.913325 0.906519 0.900053 0.894004 0.88823 0.882479 0.876948 0.872192 0.868038 0.863126 0.858617 0.853994 0.849199 
0.871981 0.877016 0.882453 0.888385 0.894458 0.900332 0.906128 0.911904 0.91768 0.923263 0.928865 0.934291 0.939278 0.943612 0.947377 0.950288 0.952172 0.953554 0.953036 0.951301 0.94845 0.94419 0.939585 0.934452 0.928661 0.922511 0.915947 0.909199 0.9025 0.896187 0.890283 0.884526 0.878864 0.873698 0.869294 0.865068 0.860068 0.855552 0.850829 0.846007 
0.875068 0.880296 0.885942 0.891934 0.897888 0.903679 0.909457 0.915121 0.920752 0.926274 0.931716 0.936868 0.941416 0.945337 0.948593 0.950918 0.952149 0.952839 0.951633 0.9493 0.945908 0.941189 0.936268 0.930765 0.924801 0.918447 0.911792 0.905069 0.898487 0.892377 0.88652 0.880816 0.875364 0.870566 0.866333 0.862081 0.857024 0.8524 0.847644 0.842856 
0.878218 0.88363 0.889422 0.89538 0.901208 0.90698 0.912631 0.918182 0.923696 0.929123 0.934311 0.93908 0.943194 0.946653 0.949362 0.951076 0.95227 0.951654 0.949829 0.946922 0.943034 0.937922 0.932663 0.926913 0.920817 0.914296 0.907646 0.900983 0.894604 0.888637 0.882802 0.87721 0.872075 0.867577 0.863375 0.859043 0.853917 0.849223 0.844484 0.839688 
0.88143 0.886984 0.892841 0.898659 0.904459 0.910104 0.915624 0.921089 0.926481 0.931723 0.936558 0.940902 0.944593 0.947557 0.949679 0.95139 0.95131 0.950057 0.947627 0.944207 0.939843 0.934408 0.928938 0.923017 0.916707 0.910135 0.903476 0.896972 0.890823 0.884871 0.879138 0.873713 0.868946 0.864644 0.860347 0.855955 0.850729 0.846034 0.841338 0.836537 
0.884657 0.890335 0.896137 0.901866 0.907591 0.91307 0.918492 0.923806 0.929031 0.933981 0.938473 0.942364 0.945586 0.948014 0.949565 0.950637 0.949937 0.948058 0.945073 0.941143 0.936441 0.930795 0.925039 0.91895 0.912501 0.905952 0.899395 0.893089 0.886978 0.881092 0.875492 0.870431 0.865945 0.861657 0.857292 0.852826 0.847566 0.842927 0.838153 0.833425 
0.887862 0.893585 0.899302 0.904971 0.910527 0.915891 0.921178 0.926321 0.931356 0.935918 0.939989 0.943444 0.94619 0.948087 0.949677 0.949482 0.948147 0.945669 0.942192 0.937854 0.932922 0.926975 0.921055 0.914783 0.908307 0.901818 0.895435 0.889213 0.883175 0.877382 0.872063 0.867295 0.862936 0.858597 0.854202 0.849702 0.844484 0.839773 0.835058 0.830373 
0.891051 0.896738 0.902348 0.907917 0.913302 0.918539 0.923637 0.928615 0.933328 0.937506 0.941143 0.944181 0.946395 0.947755 0.948709 0.947909 0.945965 0.942927 0.939029 0.93441 0.92921 0.923028 0.916939 0.910598 0.904173 0.897789 0.891485 0.885345 0.879402 0.873814 0.868792 0.864235 0.859904 0.855525 0.851119 0.846633 0.841343 0.836662 0.831967 0.827368 
0.894119 0.899745 0.905241 0.910656 0.915877 0.920955 0.925886 0.930617 0.934922 0.938728 0.941968 0.944526 0.946208 0.947621 0.947333 0.945919 0.943422 0.939964 0.935708 0.930789 0.925325 0.918965 0.912771 0.906455 0.900128 0.893795 0.887542 0.881476 0.87573 0.870448 0.865627 0.861193 0.85685 0.85245 0.848066 0.843518 0.838225 0.833555 0.82895 0.824442 
0.897118 0.902608 0.907985 0.913221 0.918264 0.923165 0.927879 0.932283 0.936241 0.939622 0.942437 0.944475 0.946264 0.946464 0.945569 0.943585 0.940608 0.936754 0.932187 0.926999 0.921343 0.914866 0.908614 0.902346 0.89606 0.889813 0.883639 0.877731 0.872237 0.867151 0.862539 0.858133 0.853828 0.84944 0.844984 0.840444 0.83512 0.830517 0.825992 0.821578 
0.899938 0.905288 0.910505 0.915562 0.920438 0.925133 0.929569 0.933641 0.937203 0.94019 0.942536 0.944074 0.945302 0.94491 0.943456 0.940974 0.937567 0.933369 0.92848 0.923114 0.917293 0.910717 0.904527 0.898296 0.892031 0.885886 0.879819 0.874108 0.868859 0.863982 0.859479 0.855143 0.850798 0.846378 0.8419 0.837309 0.832053 0.827523 0.823068 0.81872 
0.902592 0.907796 0.912842 0.917693 0.922375 0.926843 0.930988 0.934682 0.937823 0.940428 0.94228 0.943924 0.943965 0.943014 0.941043 0.938106 0.934305 0.929784 0.924698 0.919142 0.913207 0.906595 0.900432 0.894262 0.888086 0.882011 0.876067 0.870625 0.865574 0.86088 0.856446 0.852148 0.847785 0.843319 0.838801 0.834264 0.82906 0.824583 0.820207 0.815963 
0.905082 0.910096 0.914958 0.919621 0.924102 0.928294 0.932106 0.93541 0.938145 0.940296 0.942301 0.942784 0.942283 0.940804 0.938344 0.934995 0.930888 0.926123 0.920838 0.915091 0.909081 0.90247 0.896423 0.890285 0.884168 0.878177 0.872506 0.867275 0.862403 0.857803 0.853443 0.849149 0.844708 0.840189 0.835757 0.831274 0.826075 0.821648 0.817393 0.813294 
0.907357 0.912178 0.916852 0.921329 0.925563 0.929464 0.932877 0.935801 0.938143 0.93985 0.941369 0.941314 0.940281 0.938318 0.935427 0.93173 0.927297 0.922361 0.916831 0.910994 0.904985 0.898485 0.892443 0.886354 0.880321 0.87448 0.869055 0.863996 0.859299 0.854785 0.85045 0.846109 0.841635 0.83716 0.832744 0.82828 0.82316 0.818833 0.81465 0.81073 
0.909411 0.914085 0.918572 0.922817 0.926776 0.930322 0.933362 0.935901 0.937843 0.939717 0.940064 0.939506 0.937972 0.935571 0.932317 0.928305 0.923657 0.918457 0.912802 0.906903 0.900981 0.89449 0.888477 0.882502 0.876529 0.870931 0.865683 0.86083 0.85621 0.851804 0.847464 0.843022 0.838586 0.83419 0.829745 0.825331 0.820277 0.816086 0.812035 0.808227 
0.911285 0.915774 0.920037 0.924017 0.927702 0.93089 0.933557 0.935695 0.937834 0.938621 0.938482 0.937425 0.935442 0.932652 0.929068 0.924777 0.919889 0.914515 0.908746 0.902921 0.89701 0.890546 0.884625 0.878657 0.87289 0.86748 0.862445 0.857712 0.853181 0.848776 0.844421 0.840007 0.83559 0.831183 0.826787 0.822443 0.817494 0.813392 0.809531 0.805778 
