0.818333 0.827203 0.830961 0.838167 0.845477 0.852332 0.857602 0.866993 0.87377 0.879837 0.889719 0.896898 0.901149 0.908931 0.91387 0.917715 0.919639 0.917851 0.912009 0.906236 
0.823416 0.830658 0.836226 0.844281 0.852092 0.856812 0.863037 0.869862 0.878422 0.886881 0.894161 0.902242 0.907842 0.913229 0.920427 0.922448 0.919572 0.916152 0.910972 0.906207 
0.828656 0.834716 0.841679 0.84954 0.856208 0.862719 0.868554 0.876659 0.883113 0.890796 0.899423 0.905886 0.913021 0.920177 0.923109 0.922552 0.920393 0.915163 0.910617 0.903464 
0.83346 0.841327 0.844957 0.851624 0.861814 0.865069 0.872049 0.881307 0.886126 0.895314 0.901758 0.912283 0.91756 0.923509 0.926628 0.924149 0.920206 0.913703 0.907061 0.900853 
0.83758 0.844164 0.849718 0.856468 0.864356 0.869666 0.87919 0.885653 0.894422 0.901264 0.910866 0.915702 0.922982 0.928531 0.926986 0.923612 0.916696 0.911525 0.906528 0.898108 
0.840916 0.847786 0.854844 0.85898 0.867341 0.875932 0.884247 0.890315 0.899861 0.906389 0.91339 0.921238 0.929389 0.930933 0.927578 0.923063 0.91645 0.907114 0.900949 0.894161 
0.844117 0.853427 0.858917 0.865645 0.872034 0.879262 0.888701 0.894074 0.904223 0.91052 0.920741 0.92859 0.934464 0.930647 0.925775 0.918177 0.911346 0.903281 0.897598 0.890471 
0.850947 0.858412 0.863423 0.870886 0.878885 0.886845 0.892687 0.900969 0.907567 0.917044 0.926716 0.933418 0.935648 0.931144 0.923126 0.916031 0.906362 0.900977 0.893685 0.883379 
0.855767 0.862667 0.870311 0.875224 0.882239 0.890567 0.899148 0.907778 0.912712 0.922476 0.931386 0.938909 0.934989 0.927991 0.918861 0.909778 0.902681 0.896016 0.889642 0.880221 
0.858168 0.866601 0.873926 0.88107 0.887747 0.89649 0.903982 0.911334 0.920849 0.926221 0.937188 0.938417 0.931873 0.922295 0.914407 0.905622 0.898253 0.891365 0.884599 0.876434 
0.86371 0.870945 0.879393 0.885956 0.893036 0.89989 0.91019 0.916807 0.924596 0.933769 0.944665 0.935029 0.926788 0.917507 0.908333 0.902199 0.892673 0.885282 0.877542 0.872097 
0.86629 0.875292 0.881779 0.890776 0.89927 0.904223 0.914405 0.921964 0.931532 0.940324 0.937043 0.928503 0.918743 0.910011 0.904561 0.894399 0.888003 0.880084 0.873299 0.866051 
0.873108 0.880183 0.888436 0.895421 0.902938 0.910878 0.918463 0.928086 0.93635 0.939851 0.932002 0.922551 0.915197 0.907437 0.899365 0.890917 0.881914 0.874621 0.86949 0.862587 
0.876962 0.887387 0.893262 0.900359 0.908027 0.915395 0.923219 0.9315 0.935814 0.934392 0.924257 0.917754 0.907134 0.899541 0.893567 0.88586 0.87702 0.87181 0.862832 0.858287 
0.882628 0.889499 0.89807 0.905266 0.911031 0.921 0.926803 0.932789 0.934176 0.929225 0.920918 0.911945 0.902294 0.896254 0.889043 0.882409 0.872957 0.865663 0.859373 0.851523 
0.88654 0.892929 0.899967 0.908753 0.916716 0.922563 0.928671 0.930708 0.929183 0.922801 0.913913 0.907295 0.896785 0.888303 0.883219 0.875991 0.868435 0.861822 0.854538 0.847781 
0.888288 0.89707 0.904074 0.912218 0.918631 0.924671 0.927749 0.929281 0.924945 0.918357 0.909501 0.901098 0.892427 0.885399 0.879615 0.871813 0.864208 0.856225 0.848618 0.84259 
0.893568 0.901524 0.907372 0.914771 0.918706 0.925038 0.928465 0.924657 0.919669 0.912398 0.90594 0.895807 0.889362 0.881191 0.875722 0.867447 0.86048 0.853397 0.84491 0.839565 
0.897087 0.90438 0.910076 0.916705 0.919235 0.923356 0.925323 0.920026 0.91501 0.906592 0.898478 0.89176 0.885017 0.876609 0.86886 0.861011 0.854211 0.84815 0.841242 0.835826 
0.899237 0.907139 0.912756 0.916526 0.920312 0.922456 0.919148 0.915517 0.908247 0.901718 0.892763 0.885442 0.878923 0.870219 0.86441 0.857535 0.851587 0.844803 0.838305 0.831155 
