0.780966 0.787101 0.7933 0.800044 0.806961 0.814242 0.821526 0.828588 0.835581 0.841972 0.847869 0.85253 0.85679 0.860211 0.861977 0.863193 0.863755 0.863158 0.861859 0.860238 
0.78522 0.791279 0.797894 0.804727 0.81172 0.819073 0.826383 0.833646 0.840385 0.846661 0.852181 0.856644 0.860513 0.863177 0.86457 0.865764 0.865531 0.86455 0.8632 0.861021 
0.789387 0.79594 0.802493 0.809303 0.816495 0.823816 0.831401 0.838599 0.845319 0.851161 0.856327 0.8604 0.863848 0.865778 0.867455 0.867875 0.867201 0.865776 0.863803 0.861359 
0.793782 0.8004 0.806977 0.814047 0.821361 0.829021 0.836343 0.843723 0.849856 0.855502 0.860477 0.863958 0.86666 0.868561 0.869877 0.86948 0.868427 0.866625 0.8643 0.86196 
0.798275 0.804782 0.811723 0.818656 0.826352 0.833809 0.841675 0.848427 0.854595 0.860025 0.864147 0.86708 0.86959 0.871315 0.871797 0.871085 0.869452 0.867355 0.864886 0.861888 
0.802617 0.809475 0.816559 0.823483 0.831395 0.839337 0.846885 0.853295 0.859243 0.864015 0.867278 0.870375 0.872121 0.873808 0.873363 0.872246 0.870349 0.86797 0.864672 0.861894 
0.807122 0.81425 0.821154 0.828587 0.836734 0.844591 0.851573 0.858094 0.863327 0.867543 0.870847 0.873126 0.874764 0.875649 0.874774 0.873264 0.870799 0.867721 0.864367 0.861603 
0.81182 0.819124 0.825847 0.833844 0.842034 0.849676 0.856567 0.862516 0.867292 0.870991 0.873829 0.875355 0.877294 0.877217 0.876131 0.873687 0.870743 0.867278 0.864313 0.861177 
0.81666 0.823826 0.830839 0.839385 0.847371 0.854351 0.861189 0.866632 0.870965 0.874587 0.87633 0.877982 0.879513 0.878704 0.876727 0.874058 0.870484 0.867127 0.863687 0.861239 
0.821611 0.828308 0.836082 0.844765 0.85216 0.859556 0.86579 0.870583 0.874611 0.877369 0.877809 0.881057 0.881304 0.879321 0.8772 0.873807 0.869692 0.866693 0.863064 0.861238 
0.826202 0.832988 0.841643 0.849845 0.856682 0.864206 0.869832 0.874395 0.877695 0.878998 0.883738 0.884019 0.882922 0.880481 0.877177 0.873535 0.869471 0.865909 0.86315 0.861169 
0.830927 0.838619 0.847452 0.855054 0.862677 0.869004 0.874293 0.877931 0.880725 0.882184 0.885856 0.884966 0.882903 0.880614 0.876896 0.872418 0.869209 0.865376 0.863301 0.859962 
0.836153 0.844338 0.852582 0.860116 0.867337 0.873267 0.877957 0.881134 0.883524 0.885737 0.886767 0.885453 0.88341 0.880037 0.875862 0.871759 0.868227 0.864865 0.862275 0.858701 
0.841129 0.849753 0.857753 0.865299 0.871993 0.877462 0.880839 0.884201 0.885755 0.887694 0.887486 0.885759 0.882945 0.879017 0.874804 0.870874 0.866838 0.864071 0.860971 0.857035 
0.846769 0.855082 0.862992 0.870013 0.876335 0.880781 0.88442 0.886592 0.88844 0.888858 0.887892 0.885693 0.882314 0.877898 0.873532 0.869402 0.86605 0.863123 0.859494 0.854682 
0.852323 0.860517 0.867891 0.874476 0.88013 0.883959 0.887106 0.889018 0.890276 0.889614 0.887996 0.884946 0.88094 0.87662 0.872182 0.868038 0.865113 0.861574 0.857243 0.851891 
0.857643 0.86547 0.872438 0.878952 0.883597 0.886992 0.889034 0.890711 0.891131 0.889925 0.887617 0.883899 0.879747 0.874924 0.87045 0.867042 0.863402 0.859589 0.854631 0.848883 
0.862978 0.870278 0.877216 0.882585 0.886318 0.889354 0.891159 0.892355 0.891638 0.889377 0.886602 0.882731 0.877984 0.873263 0.869037 0.865412 0.861488 0.857159 0.851777 0.845932 
0.867824 0.874886 0.881058 0.88553 0.888998 0.891506 0.892878 0.893087 0.891242 0.888946 0.88547 0.880844 0.875959 0.871279 0.86735 0.863418 0.859301 0.85428 0.84884 0.842873 
0.872522 0.879201 0.884335 0.888222 0.891119 0.893222 0.893943 0.892918 0.890671 0.887814 0.883566 0.878962 0.874029 0.869577 0.865383 0.861528 0.856694 0.851372 0.845647 0.839749 
