0.772339 0.778343 0.785179 0.791308 0.797803 0.804336 0.81056 0.817318 0.824143 0.829839 0.835114 0.840272 0.844606 0.847479 0.849466 0.850457 0.85066 0.850586 0.850243 0.84843 
0.776476 0.78281 0.789323 0.795421 0.801895 0.808607 0.815298 0.822218 0.828741 0.834217 0.840147 0.844259 0.847947 0.85098 0.852085 0.852301 0.852559 0.852367 0.851634 0.849466 
0.781007 0.787266 0.793017 0.799813 0.806849 0.813543 0.818995 0.826442 0.83242 0.838924 0.843599 0.847762 0.852187 0.853869 0.853588 0.854662 0.854495 0.85417 0.852996 0.849828 
0.784615 0.791277 0.797778 0.804095 0.810848 0.817074 0.824258 0.830548 0.83707 0.843151 0.847174 0.851967 0.855297 0.855261 0.856105 0.857167 0.856599 0.856558 0.853901 0.849736 
0.788713 0.795893 0.802027 0.808678 0.815353 0.821328 0.828107 0.835326 0.842197 0.84607 0.85192 0.856243 0.857222 0.858045 0.858961 0.859986 0.85848 0.857262 0.852897 0.848746 
0.793362 0.80016 0.805736 0.81222 0.818997 0.825323 0.83311 0.840821 0.845619 0.851158 0.856768 0.858707 0.860094 0.861594 0.862271 0.861481 0.859051 0.856952 0.851708 0.849249 
0.798511 0.803328 0.810251 0.817163 0.822778 0.830863 0.839496 0.845 0.850778 0.856827 0.859517 0.862868 0.863678 0.862913 0.862817 0.861537 0.858875 0.856008 0.851337 0.84851 
0.801923 0.807372 0.814888 0.82067 0.827644 0.838062 0.843996 0.850501 0.856358 0.860822 0.863192 0.865764 0.865275 0.863899 0.865261 0.862575 0.859752 0.855043 0.851103 0.848494 
0.80559 0.812002 0.81958 0.825786 0.835497 0.84339 0.84963 0.855673 0.86037 0.863801 0.867219 0.868658 0.864916 0.865057 0.866765 0.86144 0.859595 0.852887 0.850982 0.848303 
0.809623 0.817328 0.824826 0.832541 0.843048 0.847432 0.854992 0.860178 0.864513 0.866896 0.870655 0.867774 0.865511 0.868917 0.867227 0.861588 0.857082 0.852013 0.850769 0.849025 
0.814002 0.825075 0.8302 0.839384 0.846313 0.852937 0.859753 0.864237 0.866801 0.872019 0.870393 0.866096 0.868745 0.869457 0.862367 0.860559 0.855792 0.852814 0.849976 0.848768 
0.821585 0.827902 0.835278 0.844347 0.850767 0.858175 0.863408 0.867076 0.870872 0.871148 0.869548 0.870728 0.871161 0.869949 0.863606 0.860568 0.854732 0.853427 0.849888 0.84908 
0.826492 0.833085 0.839779 0.849517 0.855035 0.862279 0.867017 0.869837 0.872477 0.872167 0.871045 0.871356 0.870984 0.866753 0.863019 0.858094 0.854626 0.851809 0.849789 0.846995 
0.831111 0.837319 0.845885 0.853488 0.861132 0.865998 0.869567 0.872667 0.873169 0.87345 0.873101 0.872472 0.871159 0.865968 0.862562 0.856669 0.854106 0.851233 0.849006 0.84447 
0.835042 0.841903 0.850759 0.85949 0.864923 0.869442 0.87205 0.874344 0.875099 0.874098 0.873652 0.872274 0.869644 0.86487 0.860301 0.856451 0.853002 0.850602 0.847411 0.84209 
0.839976 0.846899 0.856515 0.863941 0.867546 0.872227 0.87404 0.875603 0.87675 0.875294 0.873937 0.872684 0.868261 0.864242 0.858575 0.855656 0.852666 0.84925 0.844756 0.838947 
0.84452 0.852808 0.861988 0.866344 0.871599 0.874156 0.876233 0.878573 0.877235 0.875641 0.873627 0.871331 0.866595 0.862378 0.857498 0.854839 0.851112 0.846744 0.842375 0.835794 
0.849975 0.858614 0.865424 0.869789 0.874295 0.875998 0.879481 0.878412 0.877865 0.875654 0.873927 0.869761 0.865813 0.860202 0.855647 0.853314 0.848813 0.844224 0.839337 0.833482 
0.855452 0.863534 0.86845 0.874084 0.876254 0.879544 0.880046 0.878646 0.877816 0.874962 0.87256 0.868705 0.863599 0.85828 0.855486 0.851259 0.846105 0.842001 0.835938 0.830127 
0.860318 0.86704 0.872438 0.876202 0.878962 0.880608 0.880006 0.879667 0.877422 0.874372 0.870847 0.866875 0.861373 0.856203 0.85316 0.848588 0.843254 0.839189 0.833181 0.827692 
