0.79327 0.796911 0.800762 0.804166 0.806831 0.810165 0.813359 0.81853 0.823138 0.825912 0.831181 0.834934 0.840375 0.844846 0.849129 0.853483 0.858301 0.864593 0.869273 0.874262 0.879205 0.884325 0.889119 0.894681 0.89907 0.903524 0.907766 0.910212 0.913374 0.91526 0.916857 0.915534 0.916068 0.913558 0.912542 0.909782 0.908317 0.904802 0.90081 0.896659 
0.795987 0.798751 0.802383 0.806143 0.809918 0.81314 0.818382 0.82027 0.824939 0.830311 0.833688 0.837816 0.84273 0.845866 0.852218 0.856251 0.861397 0.867052 0.872675 0.878858 0.882712 0.887745 0.892696 0.897601 0.901513 0.907269 0.910509 0.913048 0.91569 0.916937 0.916891 0.917432 0.917069 0.914212 0.912849 0.909871 0.90746 0.903743 0.899871 0.895233 
0.797748 0.800923 0.805011 0.80849 0.813315 0.817019 0.820961 0.823969 0.82801 0.832375 0.837054 0.840567 0.844807 0.850549 0.854621 0.860304 0.865789 0.870527 0.877957 0.880633 0.886432 0.890847 0.895298 0.901234 0.905341 0.910258 0.912748 0.915761 0.918927 0.919638 0.919586 0.918886 0.917751 0.915127 0.912088 0.908866 0.906222 0.902893 0.897441 0.893108 
0.799672 0.803648 0.806954 0.811243 0.815073 0.818843 0.823461 0.826295 0.830232 0.835411 0.840243 0.844232 0.848291 0.853462 0.858014 0.863684 0.868656 0.875279 0.880746 0.885229 0.889937 0.895359 0.899514 0.903899 0.910063 0.912315 0.915729 0.91871 0.919956 0.920255 0.919454 0.918504 0.917932 0.914775 0.912758 0.909135 0.905034 0.900837 0.896664 0.892064 
0.801568 0.80584 0.809281 0.814599 0.817157 0.821927 0.825687 0.829423 0.83391 0.838231 0.842337 0.847266 0.850631 0.856691 0.8623 0.866317 0.872011 0.878222 0.883714 0.888272 0.892707 0.89796 0.90385 0.907771 0.911189 0.914252 0.917516 0.920062 0.920404 0.920977 0.920629 0.918998 0.917158 0.913626 0.910283 0.907269 0.903408 0.89899 0.894314 0.88977 
0.805561 0.808307 0.812449 0.816208 0.820154 0.824266 0.828617 0.831997 0.836668 0.840262 0.845472 0.849337 0.855053 0.860687 0.864957 0.87065 0.876998 0.881367 0.887124 0.891828 0.897559 0.902853 0.907566 0.911568 0.915062 0.917472 0.920614 0.922479 0.922308 0.9238 0.92065 0.919841 0.91708 0.913869 0.910225 0.904668 0.90187 0.897241 0.89159 0.888318 
0.807397 0.811139 0.815277 0.818318 0.822652 0.826906 0.830222 0.836131 0.838679 0.843521 0.848922 0.853286 0.857472 0.862687 0.86982 0.873452 0.88024 0.884332 0.891813 0.895139 0.901393 0.904475 0.910162 0.914594 0.918115 0.921075 0.922362 0.92298 0.924262 0.922686 0.921051 0.919334 0.915758 0.912347 0.908292 0.90401 0.899473 0.894667 0.890871 0.885422 
0.811009 0.813935 0.818032 0.821121 0.825469 0.829703 0.834243 0.837829 0.843099 0.846416 0.851221 0.856989 0.861001 0.865672 0.872531 0.87679 0.882467 0.888815 0.893583 0.89992 0.903573 0.907656 0.914341 0.918066 0.920082 0.922649 0.924191 0.924964 0.924963 0.923742 0.921172 0.918541 0.914686 0.912011 0.906405 0.901461 0.898449 0.891998 0.887614 0.883503 
0.811506 0.816054 0.82025 0.824292 0.827398 0.831831 0.836713 0.840465 0.845084 0.850932 0.853907 0.859979 0.865218 0.870654 0.875104 0.881652 0.885758 0.891201 0.899068 0.90233 0.907339 0.911642 0.916863 0.919864 0.923451 0.925309 0.925927 0.926393 0.924519 0.922665 0.921262 0.91722 0.914821 0.909855 0.905993 0.900525 0.89493 0.891238 0.885295 0.881193 
0.81475 0.818735 0.823448 0.825907 0.830065 0.835725 0.838517 0.843844 0.847822 0.851249 0.857442 0.862307 0.86713 0.873701 0.879922 0.88602 0.890348 0.896587 0.900565 0.905802 0.911475 0.916277 0.918848 0.922615 0.924896 0.926077 0.927761 0.92606 0.925416 0.922801 0.920431 0.915804 0.912043 0.907345 0.902634 0.898815 0.892729 0.888426 0.884198 0.878609 
0.818349 0.821628 0.825404 0.829792 0.834569 0.837979 0.842367 0.846515 0.851285 0.856034 0.860175 0.866064 0.872867 0.87705 0.883016 0.889355 0.894034 0.899548 0.904873 0.908782 0.914614 0.918076 0.923078 0.925113 0.927332 0.927652 0.928035 0.926487 0.924719 0.922194 0.918344 0.914311 0.910182 0.90572 0.900124 0.895617 0.890532 0.884938 0.880527 0.875737 
0.820546 0.823736 0.82814 0.831734 0.836484 0.840375 0.844659 0.848526 0.854701 0.858243 0.863733 0.869068 0.874447 0.880233 0.887318 0.891967 0.896976 0.902617 0.907814 0.912862 0.918385 0.92051 0.924552 0.926939 0.929035 0.929182 0.928035 0.926447 0.92414 0.920191 0.917644 0.913257 0.908852 0.903258 0.898053 0.893623 0.888165 0.883079 0.877689 0.87312 
0.823292 0.827002 0.830909 0.835339 0.839794 0.842845 0.848138 0.852508 0.857555 0.861348 0.867584 0.873724 0.879404 0.883694 0.891247 0.895516 0.901247 0.906753 0.911482 0.915666 0.920754 0.924293 0.927057 0.929221 0.929106 0.929629 0.92752 0.926123 0.924098 0.920119 0.916152 0.910913 0.90659 0.901185 0.894819 0.889625 0.884747 0.879192 0.876075 0.871193 
0.824574 0.829027 0.833631 0.836942 0.84197 0.846662 0.850806 0.855789 0.860068 0.864938 0.871036 0.876784 0.881994 0.888837 0.89287 0.899302 0.904722 0.910698 0.91511 0.917603 0.922354 0.926155 0.928077 0.930254 0.930074 0.929436 0.927881 0.926071 0.922286 0.918903 0.913498 0.907879 0.903338 0.897207 0.892047 0.887576 0.881975 0.877248 0.872173 0.867183 
0.828162 0.83278 0.83601 0.840791 0.84484 0.8494 0.852308 0.858865 0.863919 0.868483 0.875237 0.880226 0.885901 0.892047 0.897016 0.902454 0.907803 0.913516 0.918294 0.921215 0.925223 0.927301 0.92987 0.930976 0.930162 0.929064 0.927136 0.924293 0.921117 0.915803 0.911374 0.905485 0.900063 0.89434 0.889816 0.88479 0.879648 0.873772 0.869517 0.866202 
0.831381 0.833862 0.838057 0.843116 0.847523 0.851966 0.856336 0.862328 0.866968 0.872981 0.878349 0.884222 0.88956 0.895114 0.900407 0.906368 0.910895 0.916425 0.919981 0.924213 0.927869 0.92957 0.931303 0.932002 0.929867 0.928443 0.926063 0.9238 0.91848 0.913665 0.907937 0.903214 0.895932 0.891225 0.886405 0.882027 0.875242 0.871566 0.86665 0.861748 
0.833046 0.836935 0.84175 0.846053 0.850406 0.85507 0.860512 0.865585 0.870983 0.876567 0.881982 0.887671 0.89316 0.897779 0.905114 0.909039 0.914361 0.919119 0.923563 0.926864 0.929472 0.931591 0.932199 0.931213 0.930403 0.928549 0.925571 0.920721 0.915793 0.910793 0.90457 0.898974 0.894852 0.88952 0.883345 0.879335 0.874171 0.869208 0.864406 0.858946 
0.836405 0.840097 0.844952 0.849387 0.854 0.857713 0.862704 0.868853 0.875039 0.879808 0.885022 0.891483 0.896639 0.900992 0.907734 0.912333 0.917555 0.920877 0.926015 0.929044 0.932 0.93238 0.932946 0.930946 0.929304 0.926186 0.922019 0.918414 0.913459 0.907969 0.902833 0.896481 0.889842 0.886202 0.88001 0.875169 0.870013 0.865245 0.861118 0.857201 
0.839301 0.843946 0.846453 0.852691 0.856371 0.861063 0.866702 0.872854 0.877612 0.8827 0.888768 0.894729 0.89926 0.904789 0.910411 0.915948 0.920491 0.923863 0.927083 0.930541 0.932146 0.93345 0.932147 0.930364 0.927897 0.924842 0.921222 0.914819 0.911569 0.904886 0.89919 0.893258 0.887764 0.883105 0.877405 0.871954 0.866905 0.861945 0.858313 0.854364 
0.841536 0.84691 0.849904 0.854322 0.859283 0.864504 0.869665 0.876146 0.881057 0.885442 0.891783 0.898129 0.902282 0.908668 0.913631 0.917857 0.92331 0.925601 0.929739 0.932598 0.933259 0.933051 0.931652 0.927989 0.926134 0.922293 0.918843 0.913239 0.908322 0.901518 0.895805 0.8898 0.884929 0.880294 0.874283 0.867889 0.864048 0.859737 0.85603 0.852811 
0.844774 0.848574 0.853403 0.856929 0.862315 0.868393 0.873837 0.879394 0.883627 0.890025 0.895408 0.899945 0.905884 0.9134 0.916521 0.921344 0.925333 0.92852 0.931257 0.93289 0.934324 0.931484 0.929828 0.926935 0.924906 0.920597 0.91524 0.909854 0.90444 0.899556 0.892974 0.886252 0.880861 0.876891 0.870544 0.864782 0.861262 0.856681 0.85294 0.848113 
0.847682 0.851285 0.856603 0.860704 0.866487 0.870544 0.8774 0.882098 0.887318 0.893914 0.899068 0.903603 0.909928 0.915076 0.918965 0.922894 0.927782 0.930492 0.932873 0.934556 0.933724 0.93134 0.929118 0.925379 0.922504 0.918076 0.912843 0.90735 0.901545 0.896405 0.89011 0.884211 0.878576 0.8744 0.868112 0.8634 0.85941 0.854917 0.851099 0.846056 
0.849176 0.855145 0.858759 0.864053 0.868321 0.874636 0.880344 0.885496 0.891138 0.896772 0.902169 0.907141 0.913402 0.91766 0.921525 0.925993 0.929022 0.932224 0.933855 0.934318 0.932055 0.930193 0.927276 0.924456 0.919459 0.914458 0.909937 0.903477 0.897005 0.891233 0.88664 0.880722 0.874918 0.870273 0.864139 0.860291 0.855708 0.852077 0.846918 0.843168 
0.852135 0.856825 0.861204 0.868213 0.87233 0.878388 0.883608 0.889198 0.893703 0.900908 0.904523 0.910719 0.915199 0.918959 0.923474 0.927872 0.930535 0.932717 0.933337 0.932681 0.931389 0.928039 0.924697 0.921114 0.917605 0.911039 0.906863 0.90005 0.892775 0.888302 0.882591 0.876373 0.870509 0.865747 0.860884 0.858379 0.853734 0.849471 0.845475 0.841364 
0.8564 0.86022 0.865595 0.870805 0.875959 0.881796 0.885861 0.892773 0.8971 0.903094 0.907356 0.912024 0.917095 0.921545 0.926024 0.928734 0.931607 0.932561 0.932949 0.931264 0.929524 0.926002 0.922439 0.918953 0.913715 0.908592 0.901305 0.897799 0.890318 0.884845 0.879155 0.873801 0.868484 0.862751 0.859082 0.85525 0.850869 0.845599 0.842311 0.838378 
0.859312 0.862963 0.868943 0.873095 0.878987 0.884699 0.889493 0.896495 0.900818 0.905406 0.911514 0.915732 0.919981 0.923977 0.927767 0.930246 0.931305 0.932957 0.932301 0.929906 0.927327 0.924077 0.920393 0.915033 0.910968 0.905515 0.899403 0.893071 0.886528 0.880605 0.875636 0.871216 0.866206 0.860312 0.856784 0.852109 0.847184 0.843565 0.839674 0.835239 
0.861939 0.867058 0.871072 0.876819 0.880511 0.887653 0.892937 0.89862 0.902956 0.908372 0.912515 0.918476 0.922433 0.92579 0.92829 0.931317 0.932596 0.93205 0.930091 0.928686 0.925354 0.921261 0.919035 0.912553 0.905936 0.901217 0.894018 0.889881 0.883284 0.877522 0.871756 0.866972 0.86196 0.857975 0.853691 0.849147 0.845436 0.84046 0.836214 0.831315 
0.863982 0.868807 0.874736 0.880226 0.885561 0.889744 0.895612 0.901762 0.905625 0.910821 0.91534 0.920156 0.924301 0.926129 0.929008 0.929989 0.931373 0.931175 0.929313 0.926204 0.922089 0.917953 0.91364 0.909338 0.904267 0.897481 0.891373 0.885151 0.87982 0.873709 0.86872 0.863139 0.858617 0.855348 0.85193 0.84742 0.841699 0.837424 0.83303 0.828506 
0.866923 0.872442 0.877675 0.88208 0.888487 0.893457 0.899214 0.903389 0.908792 0.912955 0.918262 0.922089 0.925148 0.926886 0.928909 0.931142 0.930961 0.929098 0.92707 0.924574 0.920359 0.91644 0.911732 0.905078 0.899876 0.893063 0.888099 0.882676 0.876714 0.870379 0.864292 0.859936 0.856234 0.851975 0.847981 0.844921 0.840314 0.834832 0.829149 0.825914 
0.870136 0.874849 0.879209 0.886129 0.890385 0.896848 0.900937 0.906394 0.909983 0.915731 0.920184 0.923039 0.924542 0.92753 0.929001 0.930065 0.929731 0.927487 0.924924 0.921019 0.918057 0.912383 0.9075 0.902179 0.895828 0.88931 0.883337 0.878984 0.872579 0.867625 0.863181 0.857195 0.853723 0.849661 0.844862 0.840536 0.836714 0.831329 0.826997 0.822942 
0.873139 0.877717 0.884425 0.888904 0.894055 0.898821 0.90371 0.908343 0.913451 0.917983 0.920952 0.924021 0.925978 0.927706 0.928547 0.927996 0.928483 0.925664 0.922712 0.918676 0.915188 0.908907 0.903406 0.898903 0.893114 0.885462 0.880869 0.875486 0.870184 0.864131 0.858545 0.854774 0.85066 0.847027 0.843351 0.838134 0.832831 0.828228 0.823791 0.819795 
0.875707 0.881142 0.886094 0.892166 0.896153 0.90146 0.905982 0.911637 0.914677 0.918831 0.922197 0.924326 0.926888 0.92774 0.928756 0.927205 0.925151 0.922543 0.919293 0.915676 0.910609 0.906133 0.901676 0.895015 0.88938 0.882473 0.87595 0.871685 0.865821 0.861022 0.855339 0.852081 0.847396 0.843514 0.839881 0.834843 0.830127 0.825904 0.820773 0.816939 
0.879228 0.883431 0.889065 0.894154 0.898139 0.904302 0.907663 0.913027 0.916656 0.919815 0.922529 0.925404 0.926067 0.927697 0.927215 0.92578 0.923036 0.920129 0.917507 0.913071 0.907079 0.901809 0.897517 0.89123 0.884522 0.879626 0.872999 0.866728 0.862181 0.857111 0.853274 0.849064 0.844502 0.840674 0.836593 0.833121 0.827164 0.823947 0.818672 0.814452 
0.88145 0.886956 0.892124 0.896064 0.900689 0.906408 0.911114 0.9138 0.917893 0.919845 0.923162 0.924479 0.926375 0.925856 0.926071 0.924111 0.921779 0.916909 0.914035 0.909096 0.904946 0.897785 0.892429 0.887229 0.880704 0.87551 0.869315 0.862978 0.85947 0.855599 0.850796 0.846079 0.842225 0.837958 0.834818 0.830276 0.824852 0.820268 0.816415 0.811433 
0.8839 0.888943 0.893607 0.898241 0.903838 0.907316 0.911261 0.914734 0.919039 0.920443 0.922604 0.924636 0.925591 0.925076 0.923457 0.921368 0.918584 0.915904 0.909913 0.90638 0.900661 0.894974 0.888786 0.883881 0.877885 0.871032 0.866482 0.860804 0.856593 0.851475 0.846433 0.842662 0.839018 0.835288 0.830877 0.82614 0.821234 0.817533 0.813188 0.809646 
0.886207 0.890443 0.895129 0.900646 0.904993 0.908598 0.913263 0.916102 0.918761 0.921977 0.922679 0.923623 0.923559 0.923936 0.921462 0.918935 0.915565 0.911206 0.907541 0.903281 0.89685 0.891639 0.885514 0.879633 0.874491 0.868101 0.862512 0.858673 0.854373 0.849163 0.844727 0.840161 0.836335 0.833014 0.82847 0.823526 0.818259 0.815098 0.810796 0.80658 
0.887966 0.894173 0.89666 0.901948 0.907121 0.910852 0.914333 0.917258 0.919732 0.92116 0.922773 0.92288 0.923193 0.921243 0.920062 0.9161 0.913185 0.9097 0.904371 0.898549 0.893105 0.886923 0.881403 0.876402 0.870522 0.86477 0.859699 0.85543 0.850504 0.845327 0.841755 0.837908 0.834333 0.830806 0.825683 0.821944 0.816147 0.812612 0.807445 0.803883 
0.890712 0.895826 0.900277 0.90498 0.909507 0.912115 0.914166 0.917413 0.918697 0.921436 0.921992 0.92215 0.920916 0.919145 0.916264 0.91366 0.9101 0.904904 0.899653 0.895728 0.890251 0.883342 0.878667 0.872177 0.866248 0.860732 0.856645 0.852015 0.846867 0.843177 0.839347 0.83524 0.830861 0.825411 0.822935 0.818625 0.812451 0.810311 0.805679 0.801823 
0.893481 0.897786 0.901886 0.905652 0.908941 0.911914 0.915486 0.917615 0.918879 0.92096 0.921234 0.92061 0.919302 0.917769 0.91383 0.910947 0.906194 0.902203 0.896447 0.892155 0.886945 0.880511 0.874147 0.867604 0.863853 0.857471 0.852744 0.848916 0.844364 0.840594 0.835306 0.832441 0.828068 0.823831 0.819725 0.815917 0.811172 0.805702 0.802707 0.799269 
0.894075 0.899378 0.903924 0.906683 0.910379 0.912346 0.916335 0.916684 0.91915 0.920157 0.920023 0.918778 0.917254 0.913958 0.911038 0.905974 0.902803 0.898171 0.893161 0.888178 0.881778 0.877555 0.870682 0.865023 0.861065 0.854405 0.85087 0.845606 0.841722 0.837773 0.833735 0.829272 0.82577 0.820896 0.817686 0.812247 0.808227 0.803897 0.80073 0.796635 
