0.846484 0.849937 0.853418 0.856849 0.860276 0.863689 0.867059 0.870485 0.87395 0.877582 0.881336 0.885175 0.889098 0.89298 0.896922 0.90082 0.904672 0.908468 0.91218 0.915712 0.919107 0.922332 0.925312 0.927838 0.93019 0.932295 0.934143 0.935669 0.93682 0.937594 0.937967 0.937952 0.937578 0.936753 0.935755 0.934421 0.932666 0.930602 0.928258 0.925651 
0.848681 0.852148 0.855613 0.859077 0.862493 0.865838 0.869222 0.872661 0.87621 0.879905 0.883688 0.887577 0.891465 0.895401 0.899317 0.903209 0.907057 0.910806 0.914433 0.917909 0.921194 0.92432 0.92715 0.929586 0.931785 0.93377 0.935465 0.936821 0.93777 0.938327 0.938507 0.938302 0.937706 0.936756 0.935602 0.933982 0.932002 0.929888 0.927394 0.924663 
0.850904 0.854369 0.857819 0.861248 0.864619 0.867993 0.871387 0.874869 0.878493 0.882196 0.886055 0.889946 0.893869 0.897814 0.901684 0.905593 0.909392 0.913109 0.91665 0.920043 0.923222 0.926259 0.928938 0.931225 0.933305 0.935125 0.936676 0.93783 0.938596 0.93895 0.938929 0.93851 0.937669 0.936674 0.935246 0.933341 0.931317 0.929097 0.926456 0.923575 
0.853105 0.856567 0.860004 0.863423 0.866788 0.870142 0.873568 0.877114 0.88076 0.884532 0.888397 0.892304 0.896241 0.900164 0.904074 0.907949 0.911691 0.915334 0.918809 0.922119 0.925193 0.92808 0.930631 0.932783 0.934725 0.936405 0.937781 0.938742 0.939296 0.939452 0.939216 0.938528 0.937665 0.936409 0.93468 0.932695 0.930568 0.928222 0.925402 0.922396 
0.855303 0.858754 0.862168 0.865541 0.868903 0.872294 0.875757 0.879329 0.88304 0.886856 0.890747 0.894694 0.898627 0.902537 0.906421 0.91026 0.913958 0.917511 0.920909 0.924096 0.927054 0.929854 0.932217 0.934255 0.936047 0.937591 0.938776 0.939534 0.93987 0.939829 0.939359 0.93853 0.937504 0.935918 0.934057 0.931999 0.929727 0.92721 0.924227 0.921095 
0.857471 0.860906 0.86432 0.86769 0.871038 0.874456 0.877961 0.881577 0.885341 0.889183 0.893113 0.897041 0.900949 0.904879 0.908761 0.912528 0.916173 0.919647 0.922951 0.926031 0.928877 0.931539 0.933751 0.935638 0.937282 0.938669 0.939639 0.940179 0.940317 0.940051 0.939327 0.938473 0.937099 0.935331 0.933417 0.931201 0.928767 0.926085 0.92294 0.919716 
0.859643 0.863076 0.866454 0.869805 0.873178 0.876607 0.880185 0.883839 0.887644 0.891532 0.895463 0.899384 0.903323 0.90723 0.91106 0.914761 0.918303 0.921703 0.924912 0.927877 0.930599 0.933135 0.935176 0.936909 0.938417 0.939618 0.940381 0.940697 0.940616 0.940083 0.93935 0.938188 0.93653 0.934732 0.932656 0.930272 0.927675 0.924813 0.921565 0.918282 
0.861788 0.865199 0.868581 0.871918 0.875306 0.878795 0.882387 0.886112 0.88994 0.893832 0.897777 0.901701 0.905641 0.909527 0.913309 0.916937 0.920419 0.923702 0.926796 0.929652 0.932242 0.934643 0.936496 0.938091 0.939447 0.940455 0.940978 0.941076 0.940783 0.940104 0.939163 0.937634 0.935965 0.934031 0.931769 0.929222 0.926482 0.923471 0.920119 0.916759 
0.863908 0.867318 0.870683 0.874039 0.877449 0.880961 0.884607 0.888387 0.892246 0.896159 0.900096 0.904025 0.907939 0.911774 0.915497 0.919051 0.922441 0.925642 0.928623 0.931352 0.933799 0.936056 0.937728 0.939177 0.940369 0.941156 0.941448 0.941324 0.940747 0.940025 0.938662 0.937119 0.935325 0.933209 0.930757 0.928054 0.925217 0.922051 0.918586 0.915203 
0.866014 0.869412 0.872756 0.876125 0.879572 0.88315 0.886856 0.890637 0.894532 0.898472 0.902404 0.906337 0.910237 0.913982 0.917616 0.921099 0.924391 0.927491 0.93036 0.932933 0.935259 0.937371 0.938863 0.940148 0.941184 0.941705 0.941767 0.941385 0.940798 0.939631 0.938195 0.936545 0.934557 0.932245 0.929635 0.926804 0.923825 0.920518 0.917008 0.913544 
0.868119 0.871502 0.874845 0.878241 0.881723 0.885359 0.889096 0.892927 0.896817 0.900768 0.904696 0.908632 0.912449 0.916151 0.919701 0.923106 0.926295 0.929278 0.932 0.934459 0.936639 0.938575 0.939889 0.941027 0.941844 0.942118 0.94194 0.941407 0.94052 0.939175 0.937676 0.935814 0.933629 0.931152 0.928414 0.925466 0.922374 0.918908 0.915326 0.911846 
0.870209 0.87358 0.876918 0.880356 0.883896 0.887573 0.891336 0.895202 0.899104 0.903051 0.906989 0.910853 0.914624 0.918262 0.921737 0.925033 0.92813 0.930975 0.933568 0.935883 0.937897 0.939661 0.940794 0.941812 0.942344 0.942356 0.9419 0.941304 0.940072 0.938728 0.937021 0.934962 0.932605 0.929965 0.927101 0.924014 0.920826 0.917205 0.91362 0.910024 
0.872302 0.875626 0.879027 0.882484 0.886045 0.889775 0.893567 0.897442 0.90137 0.905309 0.909236 0.913042 0.916753 0.920302 0.923698 0.9269 0.929859 0.932581 0.935039 0.937198 0.939069 0.940615 0.941613 0.942449 0.942687 0.942444 0.94196 0.940868 0.939682 0.938121 0.936189 0.933979 0.931477 0.928704 0.925688 0.922473 0.919208 0.915467 0.911825 0.908103 
0.874332 0.877709 0.881108 0.8846 0.888252 0.891984 0.895784 0.89969 0.903639 0.907577 0.911424 0.915189 0.918801 0.922311 0.925593 0.928667 0.931515 0.93411 0.936412 0.938428 0.940137 0.941462 0.942333 0.942914 0.942852 0.942465 0.941563 0.940553 0.939132 0.93736 0.935271 0.932891 0.930214 0.927304 0.924158 0.920842 0.917487 0.913624 0.909993 0.906121 
0.876389 0.879763 0.883187 0.886749 0.890445 0.894173 0.898003 0.901919 0.905873 0.909783 0.913573 0.917269 0.920828 0.924229 0.927417 0.930371 0.933086 0.935535 0.937688 0.939537 0.941092 0.942206 0.942949 0.943169 0.942791 0.942185 0.941307 0.940067 0.938447 0.936499 0.934246 0.931676 0.928849 0.925793 0.922558 0.91914 0.915689 0.911769 0.908001 0.904112 
0.87844 0.88181 0.885276 0.888915 0.892601 0.896355 0.900216 0.904155 0.908085 0.911935 0.915671 0.919314 0.922779 0.926084 0.92914 0.931979 0.934565 0.936864 0.938868 0.940562 0.941944 0.942845 0.943392 0.943234 0.942783 0.941987 0.940889 0.939445 0.93764 0.935485 0.933054 0.930346 0.927376 0.924205 0.920875 0.917372 0.913825 0.909897 0.905909 0.90214 
0.880468 0.883856 0.887406 0.891062 0.894769 0.898493 0.902439 0.906367 0.910261 0.914051 0.91776 0.92129 0.92468 0.927842 0.930782 0.933511 0.935946 0.938095 0.939934 0.941467 0.942687 0.943338 0.943546 0.943238 0.942559 0.941642 0.940366 0.938694 0.936674 0.93435 0.931758 0.928894 0.925819 0.922554 0.919124 0.915544 0.911844 0.907905 0.90378 0.900225 
0.882494 0.885911 0.88953 0.893201 0.896857 0.900692 0.904623 0.908533 0.912364 0.916114 0.919738 0.923185 0.926474 0.929534 0.932361 0.934929 0.937236 0.939223 0.9409 0.942254 0.94332 0.943772 0.9434 0.943044 0.942325 0.941195 0.939658 0.937783 0.935571 0.933105 0.930375 0.927388 0.924213 0.920846 0.917316 0.913672 0.909784 0.905669 0.90183 0.898357 
0.884499 0.887995 0.891656 0.895304 0.89897 0.902873 0.906792 0.910668 0.914453 0.918124 0.92166 0.925033 0.92821 0.93114 0.933831 0.936271 0.938418 0.940241 0.941746 0.942948 0.943838 0.943822 0.943388 0.942939 0.941936 0.940536 0.93879 0.936737 0.934388 0.93178 0.928892 0.925798 0.922516 0.919036 0.915438 0.911736 0.907765 0.903508 0.899878 0.896444 
0.886507 0.890098 0.893769 0.897397 0.901137 0.905039 0.908938 0.912753 0.916482 0.920094 0.923527 0.926794 0.929857 0.932668 0.935229 0.937507 0.939486 0.941138 0.942487 0.943516 0.944233 0.943622 0.943481 0.94261 0.941349 0.939746 0.937853 0.935636 0.933123 0.930353 0.927369 0.924142 0.920745 0.917199 0.913527 0.909744 0.905364 0.901458 0.897975 0.894518 
0.888531 0.892207 0.895836 0.89944 0.903288 0.907162 0.911025 0.914788 0.918453 0.921978 0.925326 0.928475 0.931428 0.93409 0.936498 0.938624 0.94044 0.941933 0.943109 0.943964 0.944665 0.944154 0.943358 0.942191 0.940701 0.938918 0.936825 0.934424 0.931761 0.928878 0.925732 0.922415 0.918911 0.915299 0.911541 0.907714 0.903233 0.899503 0.896072 0.892549 
0.890665 0.894323 0.897934 0.901554 0.905438 0.909341 0.913127 0.916847 0.920432 0.923859 0.927138 0.930169 0.932984 0.935536 0.937813 0.939804 0.941481 0.942875 0.943956 0.944976 0.94435 0.943724 0.942743 0.941393 0.939744 0.937804 0.935554 0.933025 0.930223 0.927212 0.923977 0.920535 0.916963 0.913292 0.909479 0.905192 0.901121 0.897561 0.89405 0.890498 
0.892755 0.896399 0.899988 0.903714 0.907587 0.911406 0.915172 0.918823 0.92235 0.92568 0.928823 0.931756 0.93445 0.936848 0.938993 0.940825 0.942365 0.943624 0.944676 0.944837 0.944 0.943163 0.941988 0.940484 0.938687 0.936568 0.934177 0.931498 0.928579 0.925448 0.922127 0.918619 0.914944 0.911217 0.90738 0.902971 0.89906 0.89553 0.892001 0.888448 
0.894805 0.898427 0.902053 0.905833 0.909662 0.913482 0.917157 0.920742 0.924151 0.927398 0.930441 0.93324 0.935787 0.938059 0.940034 0.941729 0.943173 0.944275 0.944908 0.944358 0.943495 0.942494 0.941135 0.939479 0.937521 0.935248 0.932706 0.929889 0.926858 0.923623 0.920191 0.916608 0.912904 0.90909 0.904954 0.900667 0.897012 0.893461 0.889928 0.886412 
0.896866 0.900447 0.90412 0.907906 0.911714 0.915443 0.919077 0.922569 0.925891 0.929042 0.931935 0.934611 0.937016 0.939126 0.940982 0.942562 0.943775 0.94445 0.944536 0.943933 0.942889 0.941686 0.940166 0.938349 0.93622 0.933815 0.931134 0.928202 0.925086 0.921724 0.918212 0.914555 0.910779 0.906862 0.902573 0.898468 0.89496 0.891393 0.887844 0.884389 
0.898858 0.902481 0.906152 0.909949 0.913703 0.91738 0.92092 0.924319 0.927539 0.930549 0.933337 0.935876 0.938131 0.940142 0.941828 0.943177 0.944064 0.944439 0.944029 0.943316 0.942131 0.940767 0.939101 0.937115 0.934857 0.932321 0.929485 0.926462 0.923207 0.91978 0.916175 0.912468 0.908634 0.904483 0.90039 0.896369 0.89286 0.889291 0.885774 0.882392 
0.900842 0.904479 0.908173 0.911905 0.915623 0.91923 0.92268 0.925978 0.929097 0.93199 0.934635 0.937047 0.939176 0.940986 0.942468 0.943602 0.944204 0.944107 0.943515 0.942588 0.941277 0.939751 0.93793 0.935798 0.933372 0.930709 0.92779 0.924618 0.921276 0.917744 0.914086 0.910302 0.906333 0.902127 0.898244 0.894287 0.890757 0.887196 0.883702 0.880344 
0.902811 0.906431 0.910137 0.913834 0.917469 0.920983 0.924361 0.927559 0.930541 0.933317 0.935856 0.938131 0.940055 0.94167 0.942981 0.943625 0.943971 0.943598 0.942928 0.941737 0.940331 0.938655 0.936659 0.93438 0.931841 0.929029 0.925977 0.922717 0.91928 0.915688 0.911941 0.908104 0.903981 0.899885 0.896046 0.892129 0.888623 0.885084 0.881645 0.878301 
0.904754 0.908369 0.91205 0.915694 0.919259 0.922693 0.925971 0.92906 0.931945 0.934594 0.936968 0.93903 0.940779 0.942227 0.943032 0.943642 0.943602 0.943021 0.942199 0.940795 0.939278 0.937425 0.935284 0.932869 0.930191 0.927249 0.924103 0.92075 0.917206 0.91355 0.909755 0.905764 0.901617 0.897683 0.893826 0.890012 0.886496 0.882986 0.8796 0.876236 
0.906654 0.910241 0.913889 0.91748 0.920962 0.924312 0.927502 0.930481 0.933239 0.935719 0.937913 0.939795 0.941399 0.942377 0.943223 0.943409 0.943075 0.94236 0.941353 0.939755 0.938115 0.936112 0.933828 0.931288 0.92846 0.925421 0.922149 0.918705 0.915124 0.911362 0.907467 0.903418 0.899326 0.895493 0.891588 0.887869 0.884353 0.880892 0.87754 0.874116 
0.908508 0.912101 0.915671 0.919198 0.9226 0.925878 0.928947 0.93179 0.934388 0.936694 0.938723 0.940464 0.941656 0.942547 0.943036 0.943008 0.942438 0.941618 0.940391 0.93863 0.936851 0.934698 0.932283 0.9296 0.926665 0.923496 0.920148 0.916628 0.912965 0.909166 0.90516 0.901047 0.897064 0.893285 0.889396 0.885717 0.882222 0.878798 0.875437 0.872141 
0.91032 0.913874 0.917403 0.920866 0.924193 0.927346 0.930297 0.932984 0.935419 0.937565 0.93944 0.940839 0.9418 0.942582 0.942773 0.942454 0.941732 0.940757 0.939323 0.937402 0.935496 0.933209 0.930644 0.927847 0.924796 0.921516 0.91807 0.914466 0.910741 0.906806 0.902772 0.898722 0.894852 0.891068 0.887175 0.88356 0.880115 0.876717 0.873329 0.87015 
0.912089 0.915608 0.919072 0.922469 0.925705 0.928713 0.931515 0.934042 0.93632 0.938329 0.93991 0.940998 0.941989 0.942374 0.942327 0.941785 0.940932 0.939776 0.938152 0.936096 0.934056 0.931619 0.928935 0.926004 0.922848 0.919496 0.915955 0.912287 0.908447 0.904463 0.900407 0.896438 0.89262 0.888805 0.884934 0.881419 0.877973 0.874566 0.871336 0.868073 
0.913829 0.917296 0.920693 0.924002 0.927084 0.929964 0.932601 0.934983 0.937128 0.938884 0.940125 0.941214 0.941843 0.942055 0.941742 0.941011 0.940029 0.938669 0.936878 0.934735 0.932528 0.929948 0.927156 0.924105 0.920826 0.91738 0.913783 0.910033 0.906101 0.902101 0.898069 0.89413 0.890385 0.886588 0.882717 0.879248 0.875873 0.872534 0.869313 0.865987 
0.915526 0.918905 0.922246 0.925394 0.928344 0.931105 0.933589 0.935839 0.937756 0.939156 0.940343 0.941255 0.941627 0.941566 0.941021 0.94016 0.939025 0.937481 0.935517 0.933257 0.930898 0.928208 0.925268 0.922111 0.918747 0.91522 0.911519 0.907679 0.903724 0.899728 0.89573 0.891893 0.888127 0.884309 0.880519 0.877099 0.873679 0.870527 0.867206 0.863795 
0.917111 0.920456 0.923659 0.926687 0.929509 0.932115 0.934478 0.936514 0.938116 0.939394 0.940523 0.941055 0.941244 0.94094 0.940225 0.9392 0.937905 0.936187 0.934055 0.931668 0.929197 0.926368 0.923322 0.920067 0.916607 0.912997 0.909256 0.905321 0.901356 0.897354 0.893424 0.889598 0.885839 0.882054 0.878307 0.874921 0.871701 0.868429 0.865052 0.86154 
0.918657 0.921884 0.924956 0.92787 0.930557 0.933042 0.935211 0.936996 0.938384 0.939626 0.94041 0.940779 0.94072 0.940195 0.939318 0.938175 0.936697 0.934797 0.932521 0.93002 0.927402 0.92447 0.921293 0.917961 0.914424 0.910756 0.906873 0.902959 0.898964 0.89499 0.891118 0.88734 0.883587 0.879819 0.876139 0.872818 0.869641 0.866324 0.862831 0.859317 
0.920096 0.923212 0.926186 0.928962 0.931549 0.933839 0.93575 0.937293 0.938637 0.93969 0.940194 0.940359 0.940049 0.939346 0.938335 0.937042 0.935356 0.9333 0.930872 0.928285 0.925524 0.922474 0.919224 0.915773 0.912169 0.90839 0.904519 0.900551 0.896583 0.892639 0.888819 0.885057 0.881291 0.877577 0.873897 0.870795 0.867507 0.864071 0.860574 0.857135 
0.921441 0.924461 0.927297 0.92998 0.932391 0.934454 0.936116 0.93757 0.938807 0.939495 0.939863 0.939771 0.939283 0.938419 0.937257 0.935795 0.933956 0.931741 0.929172 0.92647 0.923575 0.920427 0.91708 0.913552 0.909889 0.906027 0.902108 0.898145 0.894199 0.89029 0.886501 0.88274 0.879029 0.875302 0.871924 0.868702 0.865313 0.861803 0.858403 0.855019 
0.922697 0.925593 0.928341 0.930869 0.933058 0.934851 0.936416 0.937795 0.938722 0.939243 0.93939 0.939101 0.938402 0.937385 0.936077 0.934433 0.93242 0.930081 0.927373 0.924553 0.921565 0.918303 0.914874 0.9113 0.907493 0.903622 0.899721 0.895744 0.891824 0.887979 0.884177 0.880464 0.876757 0.873157 0.869837 0.866493 0.863015 0.859586 0.856218 0.852821 
