0.524946 0.529235 0.533157 0.536821 0.539817 0.54358 0.546753 0.550592 0.553897 0.556789 0.561395 0.56636 0.570707 0.57466 0.57818 0.582562 0.586442 0.591072 0.595117 0.599034 0.605944 0.613429 0.619953 0.625433 0.629219 0.632341 0.629737 0.624356 0.618102 0.610287 0.603041 0.595451 0.588243 0.583685 0.578661 0.573553 0.569638 0.56471 0.559937 0.554933 0.550664 0.545763 0.540568 0.53644 0.531723 0.527861 0.522473 0.517583 0.513372 0.508994 0.505656 
0.531028 0.53542 0.539455 0.543147 0.546112 0.549857 0.553203 0.557113 0.560509 0.563435 0.568174 0.573276 0.577696 0.581565 0.585039 0.589429 0.593506 0.598283 0.602514 0.60648 0.613574 0.621303 0.627928 0.633406 0.637182 0.640249 0.637683 0.632196 0.625752 0.617742 0.610378 0.602671 0.59538 0.590753 0.585546 0.580303 0.576319 0.57131 0.566437 0.561416 0.557181 0.552184 0.546885 0.542614 0.53771 0.533756 0.528389 0.523466 0.51926 0.51499 0.511666 
0.536985 0.541544 0.545777 0.549524 0.552517 0.55635 0.559697 0.5636 0.56704 0.569991 0.574841 0.580257 0.584878 0.588661 0.592143 0.596517 0.600576 0.605503 0.60986 0.61391 0.621227 0.629257 0.636138 0.641683 0.645452 0.648435 0.645753 0.640096 0.633503 0.625375 0.617913 0.610231 0.602971 0.598115 0.5927 0.587264 0.583073 0.577946 0.573061 0.567999 0.563791 0.558868 0.553558 0.549052 0.544021 0.539884 0.534414 0.529458 0.52532 0.521051 0.517726 
0.5429 0.547498 0.551813 0.555692 0.558865 0.562797 0.566224 0.570203 0.5737 0.576658 0.581582 0.587047 0.591818 0.595743 0.599288 0.603733 0.607875 0.612865 0.617314 0.621468 0.62885 0.637024 0.644128 0.649782 0.653619 0.65668 0.653929 0.648146 0.641402 0.633081 0.625468 0.617732 0.610344 0.605374 0.599827 0.594259 0.589992 0.584826 0.579837 0.574683 0.570446 0.565545 0.560148 0.555526 0.550315 0.546126 0.540574 0.535661 0.531539 0.527189 0.523768 
0.548602 0.553161 0.557489 0.561445 0.564727 0.568766 0.572317 0.576434 0.579975 0.582917 0.587878 0.593402 0.598314 0.602374 0.606065 0.610596 0.614772 0.619872 0.624448 0.628647 0.636132 0.644475 0.65177 0.657564 0.661509 0.664562 0.661754 0.655829 0.648944 0.640464 0.632725 0.624797 0.617294 0.612271 0.606673 0.600993 0.59666 0.591462 0.586419 0.581219 0.576919 0.57191 0.566472 0.561802 0.556566 0.552268 0.546657 0.541695 0.53753 0.5331 0.529611 
0.554917 0.559386 0.56366 0.567627 0.571037 0.575217 0.578991 0.583332 0.587028 0.590042 0.5949 0.600385 0.605317 0.609453 0.613357 0.61803 0.622261 0.627604 0.632289 0.636548 0.644006 0.652279 0.65955 0.665468 0.669573 0.672743 0.670047 0.664117 0.657192 0.648636 0.640702 0.632486 0.624742 0.619526 0.613916 0.608237 0.603985 0.598849 0.593931 0.588605 0.584105 0.578911 0.573292 0.568519 0.56334 0.559056 0.553494 0.548524 0.544411 0.539851 0.536148 
0.561263 0.565712 0.570012 0.574019 0.57742 0.581674 0.585584 0.590109 0.593915 0.597028 0.601995 0.607454 0.61245 0.616761 0.620746 0.625621 0.630001 0.635363 0.640148 0.64452 0.652074 0.660369 0.667743 0.673743 0.677961 0.681304 0.678585 0.672558 0.665475 0.656754 0.648694 0.640242 0.63229 0.627023 0.621352 0.615615 0.611368 0.606206 0.601189 0.5957 0.591001 0.585552 0.579804 0.575052 0.569854 0.565548 0.559986 0.55498 0.550747 0.546006 0.54214 
0.567477 0.571993 0.576441 0.58064 0.58411 0.588449 0.592396 0.59699 0.600868 0.60414 0.609185 0.61465 0.61981 0.624337 0.628517 0.633594 0.638118 0.643558 0.648379 0.652866 0.660469 0.668879 0.676397 0.682577 0.686962 0.690483 0.687767 0.681582 0.674261 0.665426 0.657163 0.648497 0.640361 0.635046 0.629311 0.623566 0.619289 0.613988 0.608726 0.603122 0.598163 0.592553 0.586737 0.581972 0.576731 0.572409 0.566867 0.561762 0.557287 0.552453 0.548434 
0.574214 0.578897 0.583487 0.587798 0.591388 0.59581 0.599727 0.604377 0.608441 0.611853 0.617013 0.622638 0.627837 0.632485 0.636889 0.642041 0.646632 0.652269 0.657253 0.661899 0.669774 0.678392 0.68605 0.692393 0.696934 0.700485 0.697767 0.691391 0.683933 0.674922 0.666509 0.657648 0.649411 0.643907 0.638104 0.632285 0.627814 0.622289 0.616914 0.611208 0.606154 0.600514 0.59465 0.589687 0.584323 0.57981 0.574115 0.568826 0.564268 0.559366 0.555356 
0.581031 0.585919 0.590626 0.595132 0.598826 0.603323 0.607316 0.612027 0.616089 0.619611 0.624918 0.63065 0.635924 0.64067 0.645179 0.650441 0.655134 0.660805 0.665962 0.670897 0.679043 0.687979 0.695879 0.702434 0.707098 0.71066 0.707821 0.701252 0.693532 0.684178 0.675603 0.666668 0.658259 0.652755 0.646811 0.640822 0.636104 0.630428 0.624837 0.618987 0.613979 0.608326 0.60233 0.597318 0.591769 0.587062 0.581169 0.57574 0.570987 0.565991 0.562035 
0.587746 0.592768 0.597651 0.602307 0.606092 0.610605 0.61483 0.619676 0.623857 0.627448 0.632878 0.638687 0.643987 0.64872 0.653273 0.658558 0.663465 0.669372 0.674826 0.679965 0.688384 0.697628 0.705827 0.712541 0.717294 0.720761 0.717978 0.711294 0.703378 0.693717 0.684827 0.675633 0.667039 0.66136 0.655221 0.64898 0.644144 0.638282 0.632567 0.626708 0.621668 0.615951 0.609837 0.604666 0.59891 0.594037 0.588158 0.582561 0.577712 0.572686 0.568644 
0.594516 0.599751 0.604793 0.609596 0.613558 0.618243 0.622688 0.627726 0.632084 0.635646 0.641102 0.647066 0.652325 0.657034 0.661641 0.667036 0.672168 0.678337 0.684054 0.689335 0.698069 0.707711 0.716188 0.723157 0.727993 0.731441 0.728658 0.721799 0.713657 0.703636 0.694344 0.684829 0.675992 0.670071 0.663604 0.65721 0.652207 0.64621 0.640481 0.634624 0.629537 0.623763 0.617502 0.612132 0.606205 0.601242 0.595175 0.589517 0.584707 0.579616 0.575509 
0.601173 0.606646 0.611908 0.616911 0.62108 0.625866 0.630359 0.635442 0.639902 0.643593 0.649241 0.655401 0.660857 0.6656 0.670226 0.675674 0.680926 0.687216 0.693112 0.698619 0.707699 0.71779 0.726691 0.733899 0.738895 0.742302 0.739334 0.732272 0.723856 0.713437 0.703862 0.694154 0.685096 0.678871 0.672155 0.665453 0.660288 0.654172 0.648349 0.642442 0.637359 0.63162 0.625333 0.619796 0.613716 0.608517 0.60231 0.596555 0.591655 0.586452 0.582326 
0.607793 0.613324 0.618752 0.623875 0.628183 0.633078 0.63768 0.642761 0.647372 0.651276 0.657179 0.663515 0.669224 0.674053 0.678719 0.68424 0.689544 0.695948 0.702041 0.707817 0.717166 0.72766 0.736945 0.744368 0.749574 0.753024 0.749909 0.742594 0.733889 0.723164 0.713251 0.703332 0.694066 0.687592 0.680606 0.673695 0.668344 0.66215 0.656226 0.650232 0.645044 0.639277 0.632966 0.627353 0.62107 0.615748 0.609395 0.603508 0.598491 0.593174 0.588927 
0.614105 0.619825 0.625386 0.630565 0.63486 0.639808 0.644501 0.649717 0.654548 0.658659 0.664816 0.671507 0.677395 0.682411 0.687247 0.692838 0.698221 0.704815 0.711153 0.717132 0.726828 0.73772 0.747317 0.755066 0.76043 0.763878 0.760627 0.753059 0.744128 0.733063 0.722878 0.712668 0.703241 0.696536 0.689298 0.682129 0.676546 0.670251 0.664239 0.658006 0.652714 0.646875 0.640561 0.634863 0.628553 0.623024 0.616436 0.610421 0.605263 0.599725 0.595394 
0.620813 0.626624 0.632235 0.637476 0.641906 0.646904 0.651834 0.657311 0.662326 0.666696 0.673078 0.679888 0.686028 0.691332 0.696403 0.702164 0.707796 0.714675 0.721232 0.727516 0.737352 0.748393 0.758197 0.766092 0.771605 0.775168 0.771938 0.76425 0.755203 0.743876 0.733353 0.72277 0.712878 0.705885 0.698439 0.691115 0.685524 0.679154 0.673084 0.666699 0.661203 0.655168 0.648709 0.642887 0.636482 0.630837 0.624228 0.618063 0.612779 0.607048 0.602508 
0.627212 0.633118 0.638903 0.644283 0.648822 0.653993 0.659087 0.664853 0.670133 0.674843 0.681453 0.68842 0.694802 0.700373 0.705633 0.711691 0.717586 0.724779 0.731753 0.7385 0.748673 0.759924 0.76997 0.778034 0.783637 0.787269 0.783911 0.776048 0.766787 0.755176 0.744322 0.733241 0.722944 0.715743 0.70811 0.700621 0.694885 0.688453 0.682246 0.675649 0.669921 0.663569 0.656951 0.651032 0.644535 0.638729 0.63197 0.625619 0.620137 0.614156 0.60932 
0.633369 0.639553 0.64563 0.651244 0.655966 0.661351 0.666574 0.672486 0.678063 0.683089 0.689971 0.697265 0.70397 0.709879 0.715473 0.721802 0.727961 0.73554 0.742891 0.750064 0.760609 0.772237 0.782579 0.791009 0.796838 0.800552 0.797096 0.788939 0.77932 0.767339 0.756009 0.744488 0.733909 0.726537 0.718679 0.711094 0.705212 0.698515 0.692004 0.685094 0.679045 0.672504 0.665707 0.659691 0.65306 0.647118 0.640147 0.633614 0.627832 0.621589 0.616412 
0.639588 0.646111 0.652501 0.658353 0.663338 0.6689 0.674308 0.680472 0.686349 0.691741 0.698956 0.706591 0.713697 0.719942 0.725958 0.732681 0.739212 0.747191 0.755073 0.762923 0.774123 0.786346 0.797263 0.806167 0.812392 0.816273 0.812642 0.804058 0.793877 0.781304 0.769409 0.757409 0.746458 0.738781 0.73074 0.722809 0.716613 0.709564 0.702755 0.695732 0.689461 0.682699 0.675682 0.669276 0.662349 0.655948 0.648659 0.641917 0.635901 0.629535 0.624185 
0.645184 0.652127 0.658807 0.664941 0.670135 0.676017 0.681745 0.688146 0.694302 0.700048 0.707717 0.715894 0.723366 0.730027 0.736478 0.74371 0.750657 0.759064 0.767404 0.776028 0.78814 0.801396 0.813108 0.822785 0.829655 0.833823 0.829833 0.820667 0.80964 0.796171 0.783645 0.771084 0.759593 0.751669 0.74332 0.735035 0.728372 0.720944 0.713779 0.706602 0.700202 0.693204 0.685777 0.679031 0.671624 0.664798 0.657124 0.650037 0.643731 0.637185 0.631759 
0.650247 0.657465 0.664479 0.670856 0.676397 0.682622 0.68882 0.695639 0.702183 0.708243 0.716348 0.724959 0.732882 0.739964 0.746972 0.754647 0.76229 0.771467 0.78061 0.790005 0.803381 0.818007 0.831005 0.841813 0.849611 0.854136 0.85002 0.84004 0.827873 0.813156 0.79953 0.785953 0.773733 0.765204 0.756372 0.747584 0.74056 0.732599 0.725115 0.717577 0.710853 0.703592 0.695746 0.688487 0.680692 0.673468 0.665548 0.658074 0.651502 0.644634 0.638965 
0.654379 0.66187 0.66912 0.675849 0.681862 0.688515 0.695315 0.702704 0.709638 0.715958 0.724406 0.733556 0.741977 0.749503 0.757118 0.765563 0.774091 0.784188 0.794339 0.804714 0.819456 0.835958 0.850788 0.863134 0.872118 0.877223 0.872823 0.861805 0.848132 0.831698 0.8165 0.801578 0.788268 0.77887 0.769234 0.759917 0.752418 0.744085 0.736117 0.728128 0.720912 0.71321 0.704892 0.69713 0.688866 0.681324 0.673154 0.665472 0.658602 0.651497 0.64551 
0.657578 0.66534 0.672921 0.680044 0.686513 0.69368 0.700896 0.708625 0.715905 0.722624 0.731659 0.7415 0.750619 0.75874 0.767119 0.776403 0.785773 0.796755 0.807967 0.819541 0.835993 0.85462 0.871796 0.886094 0.896702 0.902491 0.897479 0.884853 0.869203 0.850677 0.833762 0.817413 0.802934 0.79253 0.782119 0.772059 0.763866 0.754928 0.746482 0.737975 0.730245 0.722147 0.71346 0.705173 0.696454 0.68843 0.679948 0.671933 0.664866 0.657577 0.65133 
0.659724 0.667659 0.67552 0.682891 0.689699 0.697252 0.704892 0.712922 0.720682 0.727808 0.737377 0.747838 0.757591 0.766364 0.775492 0.785485 0.795682 0.807532 0.819816 0.832618 0.850867 0.871759 0.891448 0.908264 0.920849 0.927364 0.921588 0.906885 0.888902 0.868142 0.849347 0.831512 0.81578 0.804372 0.793126 0.782373 0.773462 0.763972 0.755065 0.745988 0.737758 0.729285 0.720172 0.711423 0.70227 0.69385 0.685005 0.676783 0.669577 0.662074 0.655675 
0.660691 0.668764 0.676714 0.684252 0.691198 0.698893 0.706848 0.715188 0.723206 0.730798 0.740901 0.751865 0.762188 0.771487 0.781029 0.791535 0.802466 0.815094 0.828304 0.842114 0.861773 0.884551 0.906378 0.925354 0.939698 0.946964 0.940504 0.923936 0.903933 0.881244 0.860863 0.841724 0.824938 0.812826 0.801 0.789658 0.780182 0.770198 0.760727 0.751198 0.742441 0.733623 0.724189 0.715209 0.705834 0.697174 0.688035 0.679653 0.672267 0.664657 0.658142 
0.660695 0.668758 0.676795 0.684318 0.691343 0.699082 0.707247 0.715761 0.723955 0.731734 0.741948 0.753061 0.763656 0.773168 0.782955 0.793572 0.804802 0.817789 0.83142 0.845709 0.865837 0.889249 0.911899 0.931745 0.946853 0.95453 0.947872 0.93066 0.909916 0.886539 0.865495 0.845797 0.828581 0.816156 0.804157 0.792723 0.783104 0.772894 0.763256 0.7535 0.744559 0.735564 0.72603 0.716959 0.707623 0.699017 0.68993 0.681435 0.67399 0.666305 0.659679 
0.657789 0.665905 0.67396 0.681395 0.688336 0.696051 0.704096 0.712574 0.720833 0.7286 0.738757 0.749832 0.760271 0.769615 0.779201 0.789565 0.800516 0.813311 0.826702 0.840822 0.860717 0.883529 0.905431 0.924594 0.939163 0.946597 0.940285 0.923697 0.903784 0.88123 0.860714 0.841446 0.824692 0.812709 0.800946 0.789745 0.780293 0.770381 0.761033 0.751374 0.742607 0.733701 0.724276 0.715455 0.70636 0.6979 0.688782 0.680258 0.67284 0.665043 0.658437 
0.655101 0.663097 0.671023 0.678454 0.685203 0.692737 0.700445 0.708544 0.716342 0.723873 0.733699 0.744272 0.754341 0.763358 0.772378 0.782369 0.792568 0.8045 0.816864 0.830092 0.848608 0.869763 0.889688 0.906783 0.919724 0.926599 0.920945 0.906352 0.888673 0.868299 0.849509 0.831727 0.816174 0.805213 0.79418 0.783618 0.774718 0.765362 0.756515 0.747363 0.738999 0.730544 0.721586 0.713225 0.704452 0.696315 0.687343 0.67897 0.671576 0.663858 0.657305 
0.651337 0.659106 0.666837 0.674054 0.680597 0.687839 0.694991 0.702577 0.710002 0.71704 0.726399 0.736518 0.746013 0.754514 0.763069 0.772396 0.781785 0.792777 0.804145 0.816209 0.833161 0.85222 0.869882 0.884678 0.895769 0.901805 0.897022 0.884564 0.86956 0.851732 0.835045 0.819065 0.805079 0.79517 0.784978 0.775045 0.76695 0.758318 0.750171 0.741735 0.733986 0.726017 0.717619 0.709594 0.701111 0.693108 0.684468 0.676376 0.669288 0.661876 0.655523 
0.645974 0.65349 0.660852 0.667733 0.673904 0.680836 0.687544 0.694679 0.701607 0.708176 0.716892 0.726539 0.735389 0.743303 0.751384 0.760199 0.768884 0.779076 0.789352 0.800324 0.815744 0.832935 0.848505 0.861339 0.870956 0.876465 0.872546 0.861827 0.84896 0.833417 0.818735 0.804471 0.791933 0.783123 0.773805 0.764671 0.757397 0.749462 0.741961 0.734139 0.727044 0.719666 0.711664 0.704055 0.695944 0.688261 0.679931 0.67222 0.665452 0.658386 0.652402 
0.63973 0.646948 0.654035 0.66064 0.666488 0.67299 0.679318 0.686102 0.692533 0.698624 0.706773 0.715769 0.724141 0.73164 0.73922 0.747505 0.755608 0.765171 0.774651 0.784572 0.798678 0.814356 0.828354 0.839655 0.848062 0.853133 0.84975 0.840474 0.829121 0.815289 0.802212 0.789574 0.778322 0.770409 0.761858 0.753408 0.746871 0.739611 0.732682 0.725452 0.718857 0.71206 0.704607 0.697341 0.689526 0.68224 0.674353 0.66708 0.660671 0.653965 0.648274 
0.632988 0.639888 0.64674 0.653127 0.65878 0.665028 0.671017 0.677529 0.68354 0.689116 0.696695 0.705191 0.713138 0.720296 0.727579 0.735501 0.743148 0.752218 0.76113 0.770247 0.78328 0.797761 0.810585 0.820832 0.828481 0.833303 0.830364 0.822064 0.811813 0.799128 0.787237 0.775713 0.765387 0.758182 0.750296 0.742494 0.736557 0.729884 0.723438 0.716665 0.710534 0.704134 0.697146 0.690253 0.682814 0.676006 0.668586 0.661788 0.655781 0.649454 0.644032 
0.625612 0.632224 0.638803 0.644946 0.650394 0.656526 0.662242 0.668418 0.674138 0.679308 0.686479 0.694695 0.702282 0.70914 0.716139 0.723864 0.731157 0.739876 0.748348 0.756866 0.769216 0.782866 0.794879 0.804513 0.811638 0.816347 0.813632 0.80585 0.796303 0.784353 0.77334 0.762614 0.752991 0.746277 0.738874 0.731672 0.726167 0.719905 0.713927 0.707417 0.701639 0.695709 0.689099 0.682513 0.675385 0.668963 0.66192 0.655463 0.649894 0.643801 0.638714 
0.618074 0.624403 0.630759 0.636633 0.641829 0.647687 0.653217 0.659092 0.664628 0.669608 0.676527 0.684406 0.691767 0.698302 0.70499 0.712481 0.719602 0.727987 0.736231 0.744295 0.756047 0.769057 0.78058 0.789767 0.796667 0.801187 0.798605 0.791198 0.782202 0.770772 0.760307 0.750069 0.740912 0.734606 0.727668 0.720831 0.715753 0.709868 0.704108 0.69787 0.692405 0.686777 0.680517 0.674272 0.667412 0.661279 0.654529 0.648427 0.643075 0.637244 0.632429 
0.610525 0.616605 0.622696 0.628315 0.633273 0.638904 0.644209 0.65003 0.655338 0.660259 0.667092 0.674729 0.681801 0.688071 0.694478 0.701751 0.708766 0.716975 0.724805 0.732636 0.743965 0.756434 0.767589 0.776488 0.783132 0.787553 0.785053 0.777906 0.769288 0.75845 0.748363 0.738461 0.729711 0.723752 0.717214 0.710662 0.70585 0.700245 0.694665 0.688716 0.683466 0.678069 0.672135 0.666248 0.659752 0.653812 0.64725 0.641375 0.6362 0.630634 0.626016 
0.603217 0.609138 0.615066 0.620425 0.625172 0.630683 0.635881 0.641568 0.646839 0.651755 0.65847 0.665901 0.672768 0.67877 0.684913 0.692042 0.698991 0.707104 0.714697 0.722276 0.733249 0.745242 0.755998 0.76463 0.77099 0.775273 0.772856 0.766018 0.757762 0.747374 0.737632 0.727993 0.719565 0.713801 0.707487 0.70117 0.696568 0.691125 0.685817 0.680038 0.675007 0.669816 0.664053 0.658423 0.652273 0.646656 0.64032 0.634563 0.629595 0.624098 0.619611 
0.594498 0.600394 0.606193 0.611374 0.61595 0.621267 0.626299 0.631899 0.637232 0.642125 0.648775 0.656138 0.662795 0.668598 0.674543 0.681593 0.688449 0.696329 0.703799 0.711183 0.721955 0.733644 0.744145 0.752484 0.758631 0.762781 0.760287 0.753565 0.745717 0.735748 0.726311 0.716949 0.708801 0.703223 0.697016 0.690816 0.686266 0.680914 0.675842 0.670251 0.665435 0.660403 0.654877 0.649524 0.643623 0.638231 0.631999 0.62631 0.621504 0.616068 0.611712 
0.587472 0.593285 0.598991 0.604138 0.608522 0.613757 0.618666 0.62415 0.629333 0.6342 0.640742 0.647909 0.654456 0.660163 0.665901 0.672983 0.679626 0.687221 0.694382 0.701481 0.71202 0.723486 0.733637 0.741685 0.747596 0.751664 0.749087 0.742541 0.734925 0.725368 0.716316 0.707229 0.699265 0.693937 0.687878 0.68183 0.67735 0.672094 0.66713 0.661802 0.657176 0.652341 0.646997 0.641879 0.636148 0.631014 0.624861 0.619279 0.614525 0.609252 0.605128 
0.581244 0.587003 0.592647 0.597657 0.601887 0.60703 0.611777 0.617204 0.622381 0.627098 0.633535 0.64056 0.646938 0.652573 0.658188 0.664981 0.671378 0.678746 0.685703 0.692606 0.702971 0.714115 0.723954 0.731713 0.737322 0.741221 0.738698 0.732316 0.725011 0.715827 0.707102 0.69831 0.69064 0.685408 0.679451 0.673456 0.669005 0.663791 0.659024 0.653944 0.649527 0.64493 0.639877 0.634882 0.629272 0.624202 0.618149 0.612629 0.608063 0.603 0.599008 
0.574917 0.580747 0.586251 0.591139 0.595277 0.600399 0.605069 0.610407 0.615394 0.620017 0.626277 0.633241 0.63939 0.644922 0.650432 0.657107 0.663237 0.670401 0.677027 0.683734 0.693768 0.704644 0.714056 0.721498 0.726925 0.730788 0.728364 0.722214 0.715099 0.706217 0.697797 0.689337 0.681867 0.676825 0.671074 0.665179 0.660805 0.655733 0.650995 0.646026 0.641774 0.637418 0.632466 0.627645 0.6222 0.617229 0.611238 0.605871 0.601353 0.59642 0.592625 
0.568281 0.574082 0.57953 0.584353 0.588429 0.593468 0.598088 0.603254 0.608027 0.612534 0.618741 0.625618 0.631831 0.637292 0.642601 0.649019 0.654849 0.661769 0.668235 0.674685 0.684406 0.694967 0.704094 0.711253 0.716401 0.72018 0.717816 0.711899 0.704954 0.696344 0.688258 0.680137 0.67299 0.668116 0.66251 0.65676 0.652509 0.647497 0.642755 0.637888 0.633764 0.629579 0.624896 0.620194 0.614829 0.609995 0.60415 0.598885 0.594429 0.589606 0.585928 
0.561714 0.567389 0.57282 0.577625 0.581729 0.586719 0.591207 0.596245 0.600849 0.605192 0.61131 0.61817 0.624383 0.629826 0.635027 0.641223 0.646792 0.65352 0.659799 0.665954 0.675334 0.68557 0.694452 0.701476 0.706549 0.710284 0.708003 0.702298 0.695537 0.687142 0.679263 0.671394 0.664481 0.659777 0.654444 0.648877 0.644812 0.63991 0.635168 0.630353 0.62625 0.622159 0.617586 0.613013 0.60777 0.603116 0.597476 0.592409 0.588044 0.583402 0.57982 
0.555146 0.560773 0.566164 0.57092 0.575004 0.580025 0.58437 0.589187 0.593598 0.597759 0.603846 0.610708 0.616876 0.622285 0.627345 0.633481 0.638875 0.645372 0.651373 0.657218 0.666399 0.676383 0.685049 0.691962 0.696934 0.700726 0.698438 0.692863 0.686267 0.677976 0.670324 0.662711 0.656002 0.651434 0.646269 0.640955 0.637107 0.632291 0.627668 0.622748 0.618638 0.614622 0.610121 0.605632 0.600482 0.595987 0.590587 0.585726 0.581617 0.577053 0.57359 
0.548522 0.554053 0.559372 0.564039 0.567993 0.572847 0.577155 0.581791 0.586121 0.59023 0.596193 0.603007 0.609143 0.614362 0.619304 0.625301 0.630638 0.63693 0.6429 0.648584 0.657476 0.667261 0.675795 0.682505 0.687456 0.691118 0.688836 0.683353 0.67686 0.668789 0.661317 0.653845 0.647264 0.64279 0.637828 0.632639 0.628983 0.624306 0.619738 0.614899 0.610828 0.606816 0.602391 0.597962 0.592903 0.588557 0.583381 0.578686 0.574656 0.570236 0.566875 
0.541989 0.5474 0.552549 0.557073 0.560883 0.56568 0.569879 0.574559 0.578804 0.582845 0.588725 0.595376 0.601318 0.606398 0.611174 0.617069 0.622366 0.628679 0.63444 0.640089 0.648874 0.658408 0.666799 0.673354 0.678061 0.681619 0.679381 0.673951 0.667587 0.659779 0.652461 0.645124 0.638715 0.634376 0.629591 0.62449 0.620929 0.616392 0.611954 0.607267 0.603271 0.599301 0.594985 0.590637 0.585721 0.581489 0.576401 0.571806 0.567862 0.563576 0.560322 
0.536037 0.541274 0.546275 0.550672 0.554372 0.559082 0.563279 0.567963 0.572196 0.576169 0.581844 0.588272 0.594092 0.598996 0.603559 0.609341 0.614636 0.620925 0.626644 0.632235 0.640893 0.650209 0.658474 0.664815 0.669329 0.672726 0.670586 0.665334 0.659131 0.651476 0.644376 0.637182 0.630894 0.626649 0.621932 0.616922 0.613575 0.609201 0.604909 0.600282 0.596396 0.59247 0.588247 0.584013 0.579242 0.575145 0.570236 0.565705 0.561852 0.557631 0.55446 
0.527974 0.533169 0.538058 0.542344 0.546 0.55068 0.554783 0.55944 0.56372 0.567649 0.573247 0.579608 0.585231 0.590034 0.594504 0.600212 0.605398 0.611561 0.617298 0.622858 0.631504 0.6407 0.648894 0.655093 0.659504 0.662811 0.660633 0.655425 0.64943 0.64186 0.63489 0.627867 0.621721 0.617537 0.612897 0.607958 0.604574 0.600251 0.596113 0.591462 0.587654 0.583831 0.57968 0.575566 0.570932 0.56695 0.562011 0.557545 0.553849 0.549621 0.546542 
0.522106 0.527231 0.531996 0.536264 0.539824 0.544414 0.548449 0.552982 0.557125 0.561052 0.566617 0.572792 0.578328 0.583045 0.587414 0.593124 0.598106 0.604 0.609563 0.615099 0.623685 0.632816 0.640828 0.646925 0.651228 0.654404 0.652162 0.646956 0.64095 0.633567 0.626831 0.620009 0.614004 0.609982 0.605411 0.600597 0.597253 0.592945 0.588781 0.584263 0.580567 0.576878 0.572837 0.56891 0.564422 0.56063 0.555737 0.551355 0.547629 0.543491 0.540538 
0.516609 0.521681 0.526433 0.530605 0.534052 0.538594 0.542477 0.54691 0.551069 0.55492 0.560493 0.566625 0.572065 0.576725 0.580969 0.586514 0.591325 0.597025 0.602485 0.607976 0.616543 0.625552 0.633469 0.639483 0.643609 0.646729 0.644446 0.63919 0.633297 0.626087 0.619537 0.612913 0.607113 0.603176 0.598646 0.593866 0.590576 0.586226 0.582153 0.577722 0.574102 0.57056 0.566749 0.562928 0.558519 0.554813 0.55003 0.54568 0.542042 0.537958 0.535028 
0.511149 0.516253 0.520855 0.524965 0.528406 0.532931 0.536744 0.541113 0.545119 0.548913 0.554428 0.560553 0.56583 0.570389 0.574584 0.580057 0.584738 0.590354 0.595555 0.600941 0.609383 0.618324 0.626033 0.631935 0.636065 0.639251 0.636969 0.631772 0.625902 0.61881 0.612402 0.605925 0.600166 0.596324 0.591899 0.587186 0.583982 0.579716 0.575662 0.571248 0.567766 0.564348 0.560503 0.556758 0.55243 0.548791 0.544114 0.539858 0.536221 0.532132 0.529303 
0.505523 0.510601 0.515213 0.519266 0.52265 0.527107 0.530885 0.535084 0.538971 0.542693 0.548193 0.554271 0.55958 0.563996 0.568037 0.573422 0.577992 0.583435 0.588567 0.593772 0.602022 0.61085 0.618426 0.624226 0.628303 0.631529 0.629313 0.62425 0.618452 0.611487 0.605205 0.598852 0.593233 0.58943 0.585034 0.58039 0.577295 0.573086 0.568979 0.564583 0.561175 0.557851 0.554173 0.550455 0.54609 0.542523 0.537943 0.533744 0.530065 0.525979 0.523231 
