0.56541 0.569498 0.572842 0.575442 0.577191 0.579123 0.584847 0.590367 0.595888 0.601295 0.606428 0.611259 0.61531 0.618531 0.620792 0.622963 0.629546 0.635846 0.641981 0.647826 0.653049 0.657629 0.661132 0.663439 0.664454 0.66494 0.664207 0.662242 0.658954 0.654637 0.649256 0.643188 0.636522 0.629287 0.621841 0.614007 0.612668 0.609655 0.605658 0.600905 0.595373 0.589366 0.582999 0.576212 0.56933 0.563379 0.56095 0.558429 0.555089 0.551161 0.546586 
0.57189 0.575974 0.57942 0.582119 0.583908 0.586021 0.59163 0.597227 0.60287 0.60842 0.613694 0.618547 0.622706 0.626028 0.628333 0.630669 0.637181 0.643611 0.649889 0.655889 0.661285 0.665924 0.669493 0.671872 0.672924 0.673526 0.672654 0.670607 0.667267 0.662857 0.657434 0.651243 0.644359 0.637038 0.629429 0.621588 0.620098 0.617 0.612918 0.608058 0.602463 0.596374 0.589791 0.582928 0.575893 0.569917 0.567384 0.564808 0.561392 0.557395 0.55279 
0.577525 0.581719 0.585275 0.587992 0.589856 0.591891 0.597656 0.603376 0.6091 0.614731 0.620061 0.625046 0.629331 0.632658 0.635037 0.637288 0.643994 0.650562 0.656965 0.663063 0.668533 0.673305 0.677 0.679371 0.680447 0.680926 0.680177 0.678098 0.674733 0.670213 0.664624 0.658322 0.65137 0.643857 0.636113 0.628066 0.626658 0.62349 0.619358 0.614385 0.608652 0.602442 0.595787 0.588762 0.581603 0.575464 0.573005 0.570372 0.566935 0.562842 0.558159 
0.582597 0.586788 0.590348 0.593154 0.595048 0.59726 0.602937 0.608725 0.614498 0.620211 0.625795 0.630794 0.635065 0.638525 0.640915 0.643368 0.649983 0.656656 0.663136 0.669325 0.675083 0.679854 0.683522 0.686017 0.687067 0.687758 0.686795 0.68472 0.681248 0.676658 0.671113 0.664564 0.657424 0.649841 0.641913 0.633938 0.632304 0.629141 0.624899 0.619844 0.614127 0.607705 0.600902 0.593818 0.58652 0.580438 0.577774 0.575132 0.571638 0.567487 0.562846 
0.586543 0.590894 0.594512 0.597337 0.599239 0.601277 0.607184 0.613039 0.618949 0.624744 0.6303 0.63546 0.639822 0.643289 0.645661 0.647922 0.654847 0.66159 0.668228 0.674538 0.680243 0.685206 0.688961 0.691424 0.692461 0.692872 0.69219 0.690087 0.686638 0.681948 0.6762 0.669654 0.662401 0.654623 0.646578 0.638291 0.636861 0.63365 0.629408 0.624278 0.618362 0.611931 0.605036 0.597782 0.59037 0.584052 0.581554 0.578892 0.575381 0.571225 0.566408 
0.589833 0.594403 0.5981 0.6008 0.602579 0.604491 0.610963 0.616715 0.622628 0.628498 0.634017 0.639375 0.643799 0.647157 0.649469 0.65163 0.659003 0.66569 0.672402 0.678792 0.684467 0.689566 0.693402 0.695804 0.696785 0.697061 0.696659 0.694531 0.690981 0.68631 0.680344 0.673778 0.66653 0.658542 0.650454 0.641899 0.640693 0.637493 0.633177 0.628057 0.621925 0.615448 0.608565 0.601148 0.593773 0.587217 0.584867 0.582258 0.578691 0.574526 0.569565 
0.599699 0.604218 0.608017 0.611 0.612998 0.615196 0.621346 0.627492 0.633688 0.639757 0.645568 0.650966 0.655551 0.659215 0.661766 0.664229 0.671382 0.678475 0.685419 0.692047 0.698035 0.703196 0.707121 0.70975 0.710868 0.711396 0.710591 0.708408 0.704795 0.699913 0.693915 0.687066 0.679474 0.671431 0.663025 0.654473 0.652878 0.649518 0.64507 0.639715 0.633569 0.626853 0.619651 0.612179 0.6045 0.597983 0.595373 0.592613 0.588979 0.584653 0.579698 
0.608926 0.613735 0.617716 0.620863 0.623024 0.625042 0.631672 0.637982 0.644405 0.650622 0.656556 0.66231 0.667149 0.671047 0.673791 0.676002 0.683776 0.691047 0.698264 0.705048 0.711131 0.716675 0.720858 0.723601 0.724855 0.724929 0.724538 0.722208 0.718476 0.713376 0.707046 0.700153 0.692433 0.684102 0.675486 0.666288 0.664916 0.661383 0.656777 0.651211 0.644731 0.637989 0.630666 0.622963 0.615146 0.608091 0.605734 0.602844 0.599082 0.59462 0.589405 
0.61807 0.622902 0.627063 0.630356 0.632674 0.635204 0.641653 0.648209 0.654751 0.661253 0.667558 0.673372 0.678469 0.682575 0.685516 0.688335 0.695928 0.703493 0.710849 0.717922 0.724447 0.730016 0.734381 0.737313 0.738665 0.739361 0.738355 0.735936 0.731975 0.726723 0.720386 0.713092 0.705082 0.696547 0.687646 0.678696 0.67674 0.673042 0.668219 0.662478 0.655986 0.648888 0.641326 0.633474 0.625461 0.618649 0.615838 0.612812 0.608928 0.60433 0.599158 
0.626369 0.631368 0.635689 0.639187 0.641676 0.644253 0.651005 0.657745 0.664501 0.671195 0.677672 0.683737 0.689052 0.693415 0.696585 0.69944 0.707424 0.715237 0.72285 0.730166 0.736858 0.742694 0.747272 0.750382 0.751887 0.752475 0.751568 0.749008 0.744901 0.739452 0.732817 0.725315 0.717091 0.708301 0.699191 0.689865 0.687877 0.684023 0.679009 0.673074 0.66632 0.659039 0.651325 0.643343 0.635194 0.628075 0.625267 0.622158 0.618124 0.613403 0.608058 
0.63399 0.63924 0.64368 0.647313 0.649961 0.652556 0.659653 0.666567 0.673533 0.680406 0.687112 0.693475 0.698988 0.703522 0.706889 0.709839 0.718165 0.726208 0.734113 0.741694 0.748654 0.754752 0.759508 0.762772 0.764382 0.765034 0.764099 0.761422 0.757134 0.751519 0.744655 0.736882 0.728408 0.719301 0.709974 0.700347 0.698305 0.694284 0.689093 0.682981 0.676031 0.66852 0.660663 0.652437 0.64417 0.636834 0.634028 0.630813 0.626655 0.621824 0.616316 
0.641015 0.646333 0.650943 0.65475 0.657542 0.660327 0.667456 0.674565 0.681762 0.688904 0.695841 0.70235 0.708075 0.712842 0.71637 0.719503 0.727963 0.736296 0.744475 0.75236 0.759598 0.765898 0.770828 0.774263 0.776007 0.77672 0.775688 0.772918 0.768475 0.762654 0.755604 0.74757 0.738741 0.729387 0.719802 0.709968 0.707773 0.703619 0.698252 0.691939 0.684837 0.677174 0.669053 0.660686 0.652248 0.644762 0.64188 0.638574 0.63429 0.629332 0.623733 
0.647024 0.652513 0.657295 0.661221 0.664127 0.666901 0.674302 0.681607 0.688991 0.696341 0.703426 0.710184 0.71613 0.721036 0.724719 0.727821 0.736623 0.74521 0.753663 0.761807 0.769228 0.775817 0.780978 0.784504 0.786313 0.786916 0.786017 0.783147 0.77861 0.772612 0.765236 0.756984 0.747909 0.738263 0.728367 0.718217 0.716048 0.71176 0.706281 0.699823 0.692488 0.684676 0.676401 0.667846 0.659205 0.651535 0.648699 0.645282 0.640958 0.635882 0.630168 
0.652219 0.657796 0.662677 0.666706 0.66971 0.67272 0.680106 0.687581 0.695141 0.702668 0.710097 0.716961 0.723028 0.728113 0.731884 0.735265 0.744082 0.752932 0.761623 0.769987 0.777843 0.784517 0.789788 0.793484 0.795317 0.796188 0.795013 0.792133 0.787458 0.781293 0.773838 0.76516 0.755774 0.745908 0.735724 0.725535 0.723074 0.718755 0.713128 0.70653 0.699165 0.691067 0.682609 0.673948 0.665153 0.657497 0.654414 0.650983 0.646572 0.641407 0.635692 
0.656086 0.661841 0.666844 0.670958 0.674036 0.676946 0.684581 0.692258 0.700026 0.707735 0.715218 0.722303 0.728533 0.733698 0.73754 0.740784 0.750008 0.759101 0.768064 0.776683 0.784585 0.791555 0.797001 0.800722 0.802587 0.803141 0.80228 0.799391 0.794677 0.78833 0.780552 0.771736 0.762112 0.75192 0.741511 0.730886 0.728593 0.724221 0.718565 0.711856 0.704251 0.696089 0.687509 0.678662 0.669729 0.661809 0.658861 0.655402 0.650948 0.645747 0.639846 
0.65894 0.664967 0.670009 0.674047 0.676945 0.679867 0.688166 0.695744 0.703602 0.711408 0.719058 0.726387 0.73266 0.737757 0.741493 0.744786 0.754567 0.763681 0.772875 0.781631 0.789735 0.796891 0.802393 0.806089 0.807856 0.808365 0.807817 0.804891 0.800067 0.793662 0.785659 0.776649 0.766885 0.756339 0.745762 0.734855 0.732749 0.728408 0.722672 0.715954 0.708149 0.699864 0.691274 0.682206 0.673302 0.665159 0.662311 0.658943 0.65441 0.649206 0.643152 
0.667563 0.673625 0.67895 0.683373 0.686681 0.689856 0.698004 0.706236 0.714565 0.722768 0.730772 0.738345 0.745057 0.750692 0.754944 0.758597 0.768539 0.778466 0.788226 0.797597 0.806244 0.813839 0.819843 0.824062 0.826258 0.82713 0.82601 0.822873 0.817772 0.810872 0.802472 0.792944 0.782577 0.771695 0.760499 0.749216 0.746606 0.741931 0.735893 0.728755 0.720721 0.71213 0.703097 0.693846 0.684487 0.676175 0.673066 0.669419 0.664733 0.659259 0.653083 
0.675239 0.68167 0.687264 0.691981 0.695586 0.69883 0.707531 0.716035 0.724718 0.733304 0.741649 0.749765 0.756953 0.763053 0.767775 0.771523 0.782359 0.792818 0.803191 0.813164 0.822319 0.830668 0.837327 0.842037 0.844702 0.845408 0.844521 0.840948 0.835386 0.827983 0.818931 0.809 0.798153 0.786688 0.774988 0.762917 0.760245 0.755152 0.74873 0.741212 0.732733 0.723908 0.714591 0.705016 0.695379 0.686543 0.683471 0.679556 0.674608 0.668909 0.662449 
0.682352 0.688921 0.694806 0.699763 0.703666 0.707492 0.716206 0.725113 0.734123 0.743152 0.752064 0.760466 0.768136 0.774695 0.77987 0.784455 0.795484 0.80662 0.817641 0.82834 0.83841 0.847249 0.854523 0.859848 0.862972 0.864629 0.862849 0.858909 0.852824 0.844881 0.835452 0.824738 0.813198 0.801185 0.788908 0.776789 0.773376 0.767903 0.761067 0.753167 0.744443 0.735131 0.725427 0.715564 0.705621 0.696789 0.693249 0.689075 0.683898 0.677948 0.671371 
0.688233 0.695072 0.701207 0.706493 0.710644 0.714674 0.723799 0.733075 0.742435 0.751843 0.761147 0.770046 0.778146 0.785206 0.790851 0.795772 0.80749 0.819292 0.831015 0.842469 0.853242 0.86289 0.870834 0.8768 0.880489 0.882344 0.880424 0.876036 0.869447 0.86092 0.850735 0.839384 0.827242 0.814613 0.801856 0.789167 0.785443 0.779621 0.772399 0.764096 0.754955 0.745245 0.735252 0.725101 0.714905 0.705694 0.701969 0.697602 0.692172 0.686002 0.679194 
0.693019 0.700237 0.706499 0.712094 0.716421 0.720598 0.730259 0.739791 0.749603 0.759325 0.769077 0.778517 0.786985 0.79452 0.800534 0.805815 0.818233 0.83058 0.84308 0.855284 0.866916 0.877398 0.886038 0.892649 0.896817 0.899154 0.896884 0.892081 0.884923 0.875808 0.864909 0.852818 0.840056 0.826747 0.813536 0.800366 0.796341 0.790159 0.782511 0.773894 0.764311 0.754209 0.743967 0.733385 0.722963 0.713443 0.709589 0.705026 0.699323 0.692999 0.685893 
0.69676 0.704086 0.710673 0.716429 0.721067 0.725509 0.735291 0.745255 0.755418 0.76562 0.775723 0.785489 0.794445 0.802373 0.808832 0.814498 0.827309 0.840337 0.8535 0.866521 0.878921 0.89015 0.899557 0.906799 0.91151 0.914216 0.911625 0.906409 0.898708 0.888952 0.877421 0.864651 0.85116 0.837349 0.823577 0.809985 0.805665 0.79913 0.79116 0.782133 0.772244 0.761878 0.751203 0.740398 0.729627 0.719802 0.715831 0.71104 0.705179 0.698582 0.691325 
0.699075 0.706612 0.713425 0.719375 0.724204 0.728734 0.738928 0.749212 0.759699 0.770244 0.780662 0.790819 0.800185 0.808463 0.815282 0.821127 0.834551 0.848112 0.861915 0.875596 0.888655 0.900667 0.910787 0.91858 0.923748 0.92657 0.923923 0.918342 0.910213 0.899871 0.887633 0.874283 0.860259 0.845914 0.831657 0.817602 0.813128 0.806293 0.798036 0.788683 0.778476 0.767815 0.756858 0.745755 0.734699 0.724627 0.720565 0.715585 0.709556 0.702768 0.695333 
0.700123 0.70783 0.71479 0.720858 0.72585 0.730608 0.740954 0.751511 0.762295 0.773138 0.783975 0.794432 0.804067 0.812633 0.81971 0.825919 0.83965 0.85375 0.868107 0.88236 0.896172 0.908743 0.919384 0.927678 0.933133 0.936372 0.933354 0.927588 0.919088 0.908289 0.895595 0.881622 0.86708 0.852304 0.837611 0.823258 0.81849 0.81152 0.803012 0.793397 0.782944 0.77196 0.760741 0.749429 0.738122 0.727837 0.723606 0.718541 0.712378 0.705419 0.697844 
0.699662 0.707459 0.714553 0.720818 0.725945 0.7307 0.741268 0.752042 0.763119 0.774198 0.785267 0.795936 0.805839 0.81468 0.821943 0.828201 0.842414 0.856965 0.871822 0.886577 0.900824 0.913881 0.924998 0.933621 0.939325 0.942409 0.939564 0.933683 0.924975 0.913808 0.900689 0.886329 0.871364 0.856203 0.84119 0.826416 0.821621 0.814515 0.805886 0.796078 0.785402 0.774182 0.762744 0.751211 0.739733 0.729218 0.724916 0.719771 0.713537 0.706495 0.698769 
0.697757 0.705907 0.712924 0.719116 0.723903 0.728784 0.740149 0.750733 0.761997 0.773163 0.78446 0.795542 0.805418 0.814246 0.821284 0.827708 0.842769 0.857361 0.872673 0.887704 0.902396 0.915957 0.927181 0.935903 0.941445 0.944662 0.942073 0.936276 0.927375 0.916176 0.902665 0.887965 0.872859 0.857178 0.842085 0.82694 0.822274 0.815309 0.806482 0.796747 0.785751 0.774322 0.762902 0.750981 0.739593 0.72879 0.724517 0.719574 0.71317 0.706212 0.698282 
0.697031 0.704875 0.712011 0.718214 0.723268 0.728034 0.738689 0.749641 0.760833 0.771983 0.783066 0.793815 0.803804 0.812616 0.819895 0.826188 0.840576 0.855395 0.870473 0.885382 0.899745 0.912968 0.924221 0.932923 0.938669 0.94183 0.939118 0.933389 0.924796 0.913694 0.900629 0.886384 0.871457 0.856326 0.841314 0.826609 0.821908 0.814927 0.806331 0.796567 0.785891 0.774755 0.763289 0.751721 0.740195 0.729648 0.725412 0.720351 0.714139 0.707107 0.699352 
0.695794 0.703546 0.71052 0.716693 0.721667 0.726538 0.736932 0.747549 0.75844 0.769387 0.780343 0.790896 0.800621 0.809351 0.816508 0.822921 0.836877 0.851225 0.865827 0.880372 0.894444 0.90725 0.918143 0.926669 0.932339 0.935819 0.932956 0.927369 0.919038 0.908413 0.895962 0.882177 0.867798 0.853226 0.838716 0.824622 0.819941 0.813042 0.804622 0.795153 0.784791 0.773906 0.762723 0.751454 0.740201 0.730003 0.725792 0.720739 0.71458 0.707727 0.700156 
0.69291 0.700537 0.707409 0.71336 0.718305 0.723038 0.733208 0.743573 0.754222 0.764895 0.775494 0.785817 0.795332 0.803754 0.810812 0.816979 0.830625 0.844518 0.858704 0.872727 0.886176 0.898575 0.909046 0.917163 0.922684 0.925865 0.923429 0.918126 0.910309 0.900226 0.888309 0.875281 0.861551 0.847551 0.833611 0.819878 0.815581 0.808924 0.800867 0.791658 0.781562 0.771068 0.7602 0.749258 0.738309 0.728318 0.724328 0.719415 0.713465 0.706731 0.699319 
0.688618 0.696004 0.702707 0.708571 0.71327 0.717922 0.727793 0.737936 0.748231 0.758622 0.768956 0.778889 0.788093 0.796268 0.802968 0.809027 0.82219 0.835689 0.849292 0.862813 0.875746 0.887402 0.897296 0.904997 0.910116 0.913322 0.910973 0.906151 0.898897 0.889519 0.878392 0.866031 0.853023 0.839699 0.826304 0.813188 0.809057 0.802799 0.795094 0.786301 0.776603 0.766388 0.755917 0.745354 0.734722 0.725094 0.72118 0.716514 0.710764 0.70428 0.697107 
0.682929 0.690249 0.696606 0.702322 0.706748 0.711184 0.720998 0.730729 0.740792 0.75076 0.760751 0.770465 0.779168 0.787046 0.793341 0.799096 0.812006 0.824896 0.838023 0.850856 0.863104 0.874151 0.883328 0.890516 0.895165 0.898061 0.89626 0.891917 0.885227 0.876644 0.866262 0.854712 0.842503 0.829787 0.817086 0.80444 0.800785 0.794924 0.787563 0.779257 0.769934 0.760104 0.7501 0.739769 0.729551 0.720234 0.716596 0.712177 0.706617 0.700436 0.693455 
0.676262 0.683214 0.689458 0.694873 0.699183 0.703487 0.712818 0.722396 0.732124 0.741825 0.75141 0.760609 0.769018 0.776438 0.782461 0.787915 0.800201 0.812746 0.825273 0.837467 0.848924 0.859226 0.867781 0.874337 0.878641 0.881151 0.879745 0.875952 0.869971 0.86205 0.852524 0.841817 0.830303 0.818337 0.806241 0.79419 0.790888 0.785438 0.778611 0.770651 0.761849 0.752506 0.742785 0.732926 0.723006 0.714023 0.710601 0.706417 0.701194 0.695191 0.688538 
0.668675 0.675362 0.68137 0.686556 0.690659 0.694735 0.703867 0.713136 0.722509 0.731892 0.741105 0.749849 0.757878 0.764894 0.770573 0.775708 0.787591 0.799561 0.811451 0.822975 0.833773 0.843284 0.851236 0.85728 0.861111 0.863465 0.862389 0.85907 0.853669 0.846444 0.837705 0.827699 0.816917 0.805682 0.794159 0.782772 0.77988 0.774836 0.768425 0.760926 0.752619 0.743676 0.734342 0.724876 0.715282 0.706746 0.703563 0.69962 0.694648 0.688917 0.682568 
0.660216 0.666779 0.672576 0.677448 0.681385 0.685067 0.694127 0.703054 0.712117 0.721083 0.729835 0.73833 0.745976 0.752532 0.757893 0.762452 0.774121 0.785509 0.796787 0.807566 0.817541 0.82663 0.834033 0.839495 0.84297 0.844594 0.84435 0.841493 0.836672 0.830035 0.82177 0.812619 0.802624 0.791981 0.781132 0.769959 0.767765 0.763174 0.75723 0.75014 0.742144 0.73374 0.724905 0.715761 0.706561 0.698121 0.695396 0.69173 0.687064 0.681554 0.675369 
0.651513 0.657713 0.663259 0.668106 0.671869 0.675517 0.683975 0.692593 0.701339 0.709938 0.718424 0.726371 0.733612 0.740026 0.745062 0.749577 0.760339 0.771142 0.781819 0.792032 0.801551 0.809865 0.816695 0.821951 0.825091 0.82686 0.826368 0.823929 0.819599 0.813528 0.806024 0.797282 0.787817 0.777946 0.767758 0.757373 0.755159 0.750951 0.745438 0.738824 0.731347 0.723197 0.714706 0.706063 0.697293 0.689395 0.686552 0.683153 0.678747 0.673553 0.667674 
0.64226 0.648491 0.653779 0.658205 0.661517 0.665032 0.673781 0.681846 0.690189 0.698456 0.706531 0.714338 0.721191 0.727033 0.731561 0.735851 0.746593 0.756666 0.766809 0.77646 0.785372 0.793336 0.79971 0.804382 0.807069 0.80861 0.808846 0.806703 0.802702 0.79716 0.790021 0.781921 0.773058 0.763474 0.753808 0.743939 0.742378 0.73856 0.733355 0.727226 0.719991 0.712293 0.704241 0.69572 0.687345 0.679762 0.677303 0.674231 0.669989 0.665101 0.659361 
0.637361 0.643376 0.648685 0.65314 0.656616 0.660059 0.668267 0.676628 0.684985 0.693136 0.70107 0.708675 0.715525 0.721375 0.726002 0.730171 0.740399 0.75063 0.760632 0.770081 0.778777 0.786554 0.79288 0.797518 0.800294 0.801792 0.801758 0.799774 0.795974 0.790456 0.783535 0.77565 0.766935 0.757707 0.748204 0.738533 0.736848 0.733163 0.728164 0.722052 0.715063 0.70757 0.699596 0.691328 0.682982 0.675549 0.673058 0.670039 0.665998 0.661118 0.655538 
0.632605 0.63846 0.643664 0.648163 0.651566 0.655301 0.663226 0.67132 0.679477 0.687552 0.695499 0.70288 0.709567 0.715428 0.719971 0.724435 0.73425 0.744132 0.753793 0.763081 0.771736 0.779185 0.785342 0.789985 0.792731 0.794653 0.79429 0.792251 0.788425 0.78314 0.77658 0.768792 0.760337 0.751443 0.742206 0.733125 0.731295 0.727584 0.722604 0.716724 0.710049 0.702657 0.694858 0.686872 0.678688 0.671711 0.669125 0.666068 0.661996 0.657297 0.651966 
0.626511 0.632356 0.63752 0.641844 0.645293 0.648826 0.656808 0.664756 0.672773 0.680689 0.688348 0.695694 0.702282 0.707936 0.712481 0.716672 0.726484 0.736106 0.745548 0.754524 0.762786 0.7702 0.776202 0.78068 0.783472 0.785115 0.785042 0.783039 0.779391 0.774209 0.767716 0.760366 0.752182 0.743522 0.734631 0.725576 0.724084 0.720482 0.715724 0.70998 0.703363 0.69632 0.688743 0.680934 0.673006 0.666021 0.6637 0.660714 0.656837 0.652206 0.646902 
0.619727 0.625381 0.630443 0.634759 0.638052 0.641625 0.649395 0.657242 0.665065 0.67283 0.680393 0.687474 0.693914 0.699464 0.703826 0.708055 0.717533 0.726943 0.736072 0.744839 0.752926 0.759966 0.765831 0.770228 0.772875 0.774674 0.774407 0.772528 0.769017 0.764048 0.757856 0.750635 0.742786 0.734461 0.725778 0.717107 0.715579 0.71214 0.707577 0.702047 0.69569 0.688758 0.681461 0.673935 0.666157 0.659467 0.657096 0.654244 0.650493 0.646025 0.640923 
0.612086 0.617751 0.622582 0.626793 0.629938 0.633408 0.641209 0.648821 0.656524 0.664077 0.67144 0.678454 0.684612 0.690002 0.694175 0.698253 0.70763 0.716698 0.725634 0.7341 0.741898 0.748781 0.754381 0.758635 0.761146 0.762869 0.762767 0.760934 0.757552 0.752804 0.746837 0.739906 0.732311 0.724208 0.715825 0.707329 0.706064 0.702764 0.698367 0.693071 0.686943 0.680237 0.673163 0.665783 0.658247 0.65172 0.649552 0.646793 0.643156 0.638868 0.63391 
0.603981 0.609417 0.614189 0.618251 0.621349 0.624765 0.632268 0.639805 0.647384 0.654762 0.661895 0.668641 0.674652 0.67985 0.683885 0.687827 0.696854 0.705774 0.714458 0.722629 0.730124 0.736785 0.74218 0.746215 0.74864 0.750256 0.750164 0.748517 0.74532 0.740727 0.73498 0.728346 0.720977 0.713124 0.704997 0.696728 0.695572 0.692504 0.688334 0.683205 0.677326 0.670893 0.66398 0.656796 0.649469 0.643116 0.641008 0.63845 0.634975 0.630796 0.626022 
0.595502 0.600724 0.605371 0.609314 0.612326 0.61566 0.623043 0.630408 0.637765 0.644967 0.651951 0.658404 0.664232 0.669227 0.673118 0.67697 0.685755 0.694374 0.702757 0.710684 0.717983 0.724287 0.729478 0.733359 0.735654 0.737301 0.737219 0.735634 0.732581 0.728182 0.722706 0.716227 0.709065 0.701497 0.693571 0.685627 0.684605 0.681672 0.677696 0.672782 0.667179 0.660887 0.654158 0.647211 0.640034 0.633972 0.631966 0.629487 0.626177 0.622137 0.617583 
0.586471 0.591695 0.596232 0.599966 0.60294 0.605958 0.613392 0.620571 0.627735 0.634693 0.641353 0.647754 0.653402 0.658148 0.661918 0.665358 0.674162 0.682516 0.690623 0.698217 0.705112 0.711375 0.716408 0.72004 0.722238 0.723435 0.723788 0.722322 0.719402 0.715156 0.709699 0.703587 0.696778 0.689333 0.681664 0.673617 0.673046 0.67032 0.666521 0.661794 0.656246 0.650287 0.643884 0.637025 0.630067 0.623937 0.622276 0.619955 0.616775 0.612878 0.608339 
0.577629 0.582561 0.586915 0.590747 0.593677 0.596788 0.603681 0.610679 0.617679 0.624432 0.631008 0.637024 0.642424 0.647194 0.650871 0.654424 0.662558 0.670636 0.678495 0.685851 0.692635 0.698478 0.703251 0.706943 0.709089 0.710518 0.710408 0.709051 0.706281 0.702194 0.697076 0.690976 0.684278 0.677262 0.669905 0.662281 0.661425 0.658835 0.655235 0.650707 0.645495 0.639561 0.633274 0.626798 0.62011 0.614345 0.612409 0.610194 0.607167 0.603433 0.599136 
0.5688 0.573829 0.578047 0.581519 0.584106 0.587224 0.594456 0.601038 0.607753 0.614321 0.620607 0.626622 0.631808 0.636158 0.639473 0.643011 0.651312 0.658948 0.666506 0.673619 0.680076 0.685837 0.690437 0.693768 0.695631 0.69707 0.697378 0.696035 0.693298 0.689424 0.684369 0.678587 0.672141 0.665091 0.657896 0.650564 0.650103 0.647627 0.644119 0.639855 0.634694 0.62906 0.622998 0.616478 0.609967 0.604503 0.60282 0.600746 0.597765 0.594224 0.589981 
0.563789 0.568648 0.572888 0.576426 0.579156 0.58216 0.58897 0.595881 0.602693 0.60918 0.615382 0.62126 0.626432 0.63082 0.634252 0.637632 0.645584 0.653482 0.661071 0.66807 0.674455 0.68015 0.684713 0.688071 0.69003 0.691337 0.691415 0.690251 0.687664 0.683746 0.678753 0.673041 0.666609 0.659742 0.652595 0.64522 0.644615 0.642296 0.638917 0.634611 0.629524 0.623983 0.617916 0.611534 0.605013 0.599478 0.597746 0.595778 0.59294 0.589361 0.585169 
0.559744 0.564474 0.568651 0.572243 0.57494 0.57826 0.584811 0.591501 0.598127 0.604623 0.610882 0.61656 0.621639 0.626068 0.629452 0.633156 0.640788 0.648436 0.655778 0.662789 0.669239 0.674718 0.679201 0.682598 0.684542 0.686246 0.686037 0.684742 0.682053 0.678286 0.673539 0.667806 0.661483 0.654796 0.647758 0.640825 0.640043 0.63759 0.634141 0.629973 0.625103 0.619567 0.613561 0.607344 0.600894 0.595751 0.59389 0.591813 0.588884 0.585445 0.581429 
0.554626 0.559406 0.563579 0.567049 0.56979 0.572943 0.579598 0.58617 0.59273 0.599087 0.60512 0.610822 0.615878 0.620153 0.623564 0.627046 0.634771 0.642267 0.649546 0.656371 0.662562 0.668097 0.672559 0.675836 0.677839 0.679313 0.679327 0.678021 0.675447 0.67166 0.666867 0.661394 0.655226 0.648611 0.641755 0.634734 0.634196 0.631769 0.628439 0.624269 0.619369 0.614037 0.608163 0.602006 0.595705 0.590468 0.588825 0.586762 0.583974 0.58051 0.576463 
0.549052 0.553682 0.557802 0.561311 0.563948 0.567188 0.57364 0.580135 0.586549 0.592815 0.598819 0.604317 0.609293 0.613568 0.616843 0.620432 0.627908 0.635278 0.642404 0.649134 0.655303 0.660606 0.665014 0.668296 0.670191 0.671822 0.671647 0.670369 0.667855 0.664172 0.659545 0.654067 0.648073 0.64163 0.634845 0.628063 0.627408 0.625027 0.62179 0.617729 0.612967 0.607614 0.601888 0.595904 0.589643 0.584616 0.582871 0.580862 0.578142 0.574791 0.570864 
0.542734 0.54743 0.551408 0.554855 0.557383 0.560538 0.567083 0.573381 0.579708 0.585804 0.591681 0.597197 0.602 0.606172 0.609341 0.612829 0.620333 0.62749 0.634516 0.641099 0.647116 0.652395 0.656663 0.659865 0.66168 0.663272 0.663214 0.66193 0.659438 0.655868 0.651317 0.64601 0.640108 0.633748 0.627093 0.620385 0.61987 0.617524 0.61433 0.61038 0.605701 0.600467 0.594841 0.588907 0.582764 0.577835 0.576207 0.574225 0.571555 0.568293 0.564439 
